"Angle",3300,3350,3400,3450,3500,3550,3575,3600,3625,3650,3675,3700,3750,3800
0,-66.206,-77.298,-83.551,-79.338,-79.33,-76.793,-69.108,-69.89,-64.614,-70.198,-75.516,-76.386,-66.937,-67.457
1,-65.179,-87.916,-74.672,-67.809,-71.477,-82.577,-70.065,-66.009,-61.388,-63.976,-69.609,-70.833,-66.241,-65.49
2,-65.033,-87.022,-70.3,-64.683,-68.045,-78.118,-72.043,-64.023,-60.644,-64.142,-68.243,-68.822,-64.684,-65.204
3,-64.573,-79.401,-70.403,-63.386,-66.104,-69.829,-65.928,-64.053,-60.73,-66.459,-70.489,-67.754,-66.125,-65.031
4,-62.803,-74.885,-69.13,-62.887,-66.414,-68.344,-65.496,-62.611,-61.423,-69.332,-69.037,-68.742,-66.351,-65.885
5,-62.437,-73.058,-70.122,-63.329,-66.046,-65.486,-65.431,-63.81,-62.797,-66.148,-68.716,-69.238,-73.407,-70.563
6,-63.001,-72.376,-72.776,-69.831,-68.919,-65.244,-62.609,-65.794,-65.564,-66.184,-70.006,-71.702,-81.053,-73.068
7,-64.108,-74.165,-76.872,-65.729,-69.747,-65.546,-67.206,-67.985,-68.432,-66.129,-72.188,-72.34,-86.209,-78.994
8,-69.857,-85.986,-73.203,-68.947,-70.181,-65.681,-73.526,-80.839,-73.234,-70.883,-73.318,-80.214,-74.789,-80.227
9,-86.663,-72.859,-72.329,-67.44,-68.981,-70.345,-79.395,-78.367,-66.735,-79.58,-82.936,-86.524,-76.413,-74.032
10,-72.948,-68.29,-68.8,-66.132,-64.918,-76.311,-72.668,-66.496,-63.349,-66.979,-71.157,-75.64,-71.24,-73.662
11,-67.44,-64.834,-66.574,-64.415,-64.163,-69.207,-72.63,-64.145,-62.221,-66.454,-68.488,-70.48,-72.058,-70.669
12,-63.496,-64.403,-65.511,-62.368,-63.211,-66.208,-70.022,-63.311,-62.133,-67.225,-66.322,-68.857,-70.151,-71.301
13,-63.313,-63.73,-65.77,-64.18,-65.358,-63.934,-64.853,-64.857,-62.856,-71.48,-65.546,-70.13,-75.37,-73.884
14,-64.003,-64.939,-67.523,-66.803,-65.091,-63.717,-65.784,-69.894,-66.837,-65.442,-69.612,-71.007,-82.819,-74.531
15,-65.325,-66.021,-74.186,-70.329,-68.248,-66.757,-68.048,-74.313,-72.21,-70.693,-72.632,-76.943,-69.776,-72.169
16,-69.827,-69.001,-81.5,-72.82,-69.492,-72.714,-75.346,-76.316,-69.278,-75.07,-71.267,-70.34,-69.077,-67.574
17,-75.546,-78.903,-76.268,-80.258,-68.713,-81.805,-67.544,-68.947,-65.552,-74.194,-68.442,-69.588,-66.882,-66.088
18,-75.654,-79.838,-69.692,-68.698,-67.549,-68.287,-69.459,-67.899,-67.217,-73.204,-67.618,-67.738,-70.215,-65.913
19,-69.127,-77.352,-71.079,-65.244,-68.104,-65.038,-68.014,-70.572,-70.116,-71.757,-67.002,-68.633,-73.01,-67.649
20,-66.331,-76.656,-70.322,-64.843,-67.448,-64.645,-67.345,-75.097,-88.649,-69.196,-68.666,-69.865,-73.967,-69.38
21,-65.264,-75.904,-80.331,-65.437,-69.271,-66.444,-76.128,-83.172,-70.757,-71.059,-70.362,-75.729,-70.644,-72.589
22,-65.765,-71.331,-73.291,-69.851,-70.478,-69.592,-71.487,-71.102,-67.503,-69.455,-70.165,-78.274,-69.088,-72.186
23,-64.415,-66.207,-68.723,-63.688,-69.813,-76.813,-70.884,-70.132,-65.242,-74.724,-71.278,-73.125,-69.95,-69.278
24,-66.21,-64.951,-66.424,-66.624,-68.84,-76.822,-72.11,-66.979,-65.203,-67.387,-73.529,-72.734,-70.036,-70.685
25,-68.354,-68.35,-66.196,-67.11,-67.304,-71.827,-71.1,-67.567,-64.293,-71.655,-76.104,-73.416,-80.606,-72.429
26,-74.42,-69.492,-68.36,-67.972,-66.025,-73.217,-69.617,-67.685,-65.357,-71.259,-72.395,-72.346,-90.561,-78.853
27,-72.446,-84.922,-74.202,-63.493,-67.293,-71.293,-65.975,-66.573,-67.983,-66.944,-71.47,-73.331,-77.481,-75.459
28,-69.563,-75.478,-74.358,-72.699,-68.487,-70.596,-67.817,-73.518,-69.428,-70.748,-70.266,-72.163,-76.381,-75.054
29,-66.164,-66.469,-71.316,-82.141,-67.2,-71.263,-73.348,-79.603,-76.017,-70.968,-69.969,-73.808,-73.708,-72.074
30,-63.744,-65.428,-69.847,-76.02,-67.866,-74.179,-79.521,-73.352,-69.472,-65.178,-70.77,-76.875,-77.734,-71.058
31,-64.625,-64.559,-69.564,-74.511,-69.255,-76.233,-78.776,-65.423,-63.266,-63.749,-67.552,-76.22,-81.191,-73.738
32,-66.122,-66.501,-67.302,-68.338,-67.327,-70.147,-68.69,-64.025,-60.934,-67.49,-67.388,-71.234,-71.387,-72.55
33,-72.673,-71.029,-70.507,-62.5,-66.366,-66.66,-66.141,-61.684,-60.432,-64.973,-66.257,-69.916,-71.317,-70.163
34,-78.976,-77.028,-67.016,-62.229,-64.331,-63.761,-62.063,-62.528,-61.324,-62.029,-65.871,-67.324,-68.836,-70.686
35,-70.812,-72.299,-66.032,-61.11,-63.804,-62.982,-61.221,-64.005,-62.883,-65.704,-65.255,-65.977,-72.12,-71.664
36,-65.857,-68.337,-63.723,-61.271,-64.287,-63.791,-63.948,-67.638,-63.679,-65.522,-62.241,-65.794,-68.91,-71.963
37,-63.682,-64.338,-63.993,-64.572,-64.618,-64.72,-71.542,-68.505,-62.02,-61.948,-61.949,-65.463,-72.888,-72.516
38,-62.557,-62.693,-63.459,-65.576,-64.806,-65.761,-78.042,-66.302,-59.609,-61.81,-61.572,-65.22,-69.758,-70.26
39,-62.642,-62.143,-63.773,-63.17,-64.845,-68.48,-71.881,-63.747,-58.827,-64.146,-63.258,-65.316,-68.931,-67.61
40,-62.929,-62.606,-67.61,-66.082,-65.476,-69.27,-64.321,-61.671,-57.955,-60.264,-62.129,-65.29,-70.023,-68.644
41,-63.869,-62.894,-66.714,-63.704,-63.357,-64.775,-61.059,-61.291,-58.841,-64.603,-61.848,-65.044,-68.134,-66.067
42,-64.43,-64.544,-66.119,-65.813,-62.759,-62.822,-64.04,-61.128,-59.254,-64.343,-62.507,-65.949,-67.748,-65.52
43,-64.692,-66.006,-64.585,-62.181,-62.189,-62.018,-61.742,-62.762,-61.029,-66.491,-62.516,-67.091,-66.655,-66.024
44,-64.47,-65.91,-65.138,-62.498,-61.863,-62.166,-63.243,-65.061,-61.895,-66.203,-63.383,-65.826,-64.849,-65.705
45,-64.64,-66.851,-63.518,-60.854,-63.005,-63.151,-67.633,-66.314,-61.716,-64.591,-63.123,-65.9,-65.696,-65.917
46,-65.179,-65.375,-61.549,-58.797,-63.514,-64.391,-75.595,-66.657,-60.993,-62.725,-61.89,-65.29,-63.966,-67.769
47,-68.054,-65.808,-61.743,-60.67,-64.372,-66.789,-65.336,-65.864,-59.737,-60.699,-61.95,-65.197,-66.597,-67.756
48,-67.001,-65.586,-62.297,-61.975,-65.315,-65.741,-67.589,-63.833,-59.814,-62.275,-61.769,-64.747,-67.439,-68.416
49,-68.684,-64.586,-62.43,-61.781,-66.203,-65.638,-63.301,-63.33,-59.554,-63.948,-62.969,-64.928,-69.494,-66.528
50,-70.188,-62.684,-63.047,-62.576,-66.56,-64.438,-62.401,-62.81,-60.12,-70.296,-62.965,-66.053,-74.121,-69.441
51,-68.624,-63.623,-63.705,-63.53,-65.204,-63.454,-65.229,-62.103,-61.317,-64.526,-64.702,-68.353,-73.823,-67.94
52,-67.532,-65.3,-62.449,-65.955,-66.427,-62.878,-65.334,-65.654,-62.52,-67.481,-65.194,-70.777,-69.517,-64.768
53,-68.451,-65.056,-61.489,-63.198,-64.16,-62.649,-67.577,-65.982,-66.846,-67.226,-67.786,-75.474,-67.245,-65.074
54,-67.002,-66.232,-61.173,-65.143,-65.312,-63.198,-67.104,-69.62,-70.924,-67.816,-70.075,-82.321,-66.556,-65.079
55,-66.681,-66.247,-62.372,-64.274,-66.145,-63.997,-73.84,-80.228,-73.857,-73.446,-68.353,-75.987,-64.14,-65.191
56,-66.85,-66.661,-61.724,-63.258,-65.347,-65.15,-70.308,-74.835,-73.258,-71.362,-70.13,-74.323,-64.739,-65.368
57,-69.411,-65.735,-62.92,-63.521,-66.472,-66.071,-90.49,-73.397,-71.494,-69.14,-69.531,-71.849,-65.546,-66.829
58,-68.75,-67.553,-63.802,-62.686,-65.991,-67.146,-76.668,-71.638,-71.884,-65.698,-69.288,-71.064,-68.052,-69.523
59,-76.43,-66.992,-66.165,-63.92,-65.311,-71.438,-83.834,-70.322,-69.573,-63.879,-68.884,-72.02,-68.396,-73.765
60,-79.512,-70.682,-67.704,-65.483,-65.608,-81.229,-71.272,-69.985,-67.95,-73.36,-72.163,-73.969,-71.03,-75.416
61,-77.774,-70.854,-66.221,-67.7,-68.381,-86.59,-66.221,-70.918,-70.738,-72.626,-78.321,-82.234,-69.735,-69.254
62,-77.58,-71.778,-65.295,-65.533,-66.583,-75.374,-69.241,-73.284,-72.175,-67.434,-81.909,-80.598,-68.626,-67.528
63,-74.502,-70.564,-65.858,-68.13,-68.115,-75.028,-70.438,-72.784,-71.057,-70.111,-77.817,-83.955,-68.651,-66.03
64,-73.009,-68.954,-66.293,-67.588,-70.491,-72.137,-67.195,-73.175,-69.485,-73.414,-72.259,-76.774,-66.894,-64.789
65,-72.48,-69.425,-66.761,-70.268,-70.987,-72.15,-67.589,-73.871,-70.863,-69.145,-76.58,-74.412,-65.69,-64.514
66,-69.862,-70.649,-66.692,-68.888,-70.293,-70.703,-66.122,-72.806,-67.716,-68.964,-73.295,-74.639,-66.555,-64.452
67,-71.269,-70.48,-66.317,-71.726,-82.07,-73.783,-69.156,-72.043,-66.338,-72.263,-71.591,-72.534,-66.472,-65.335
68,-70.763,-72.213,-66.925,-72.348,-89.331,-71.051,-69.414,-71.639,-66.51,-77.883,-71.041,-71.275,-66.356,-64.631
69,-71.432,-74.829,-65.009,-64.858,-90.179,-73.782,-67.75,-73.257,-65.483,-65.469,-72.964,-74.028,-66.509,-66.032
70,-72.356,-72.394,-66.933,-67.968,-79.18,-77.296,-65.518,-71.26,-65.858,-67.013,-74.461,-74.495,-67.84,-67.758
71,-72.404,-71.04,-66.068,-72.523,-76.352,-73.048,-70.693,-70.641,-65.558,-69.689,-74.753,-78.092,-65.579,-68.9
72,-73.086,-67.196,-65.103,-69.008,-75.224,-72.324,-70.127,-74.453,-66.132,-70.236,-82.767,-78.17,-64.726,-67.332
73,-67.955,-65.358,-64.142,-68.149,-73.686,-71.653,-79.978,-74.472,-67.31,-71.298,-80.296,-80.662,-65.891,-66.845
74,-67.012,-63.824,-64.123,-69.722,-75.599,-71.315,-70.024,-74.432,-67.602,-88.408,-76.573,-81.723,-64.582,-66.353
75,-66.154,-62.294,-62.375,-63.705,-73.971,-69.069,-75.916,-72.6,-68.974,-68.735,-79.895,-80.164,-65.254,-67.085
76,-64.597,-61.304,-61.23,-63.91,-76.952,-68.265,-68.977,-70.222,-67.96,-66.198,-74.521,-77.544,-63.951,-65.886
77,-63.826,-60.581,-60.229,-64.819,-74.282,-68.42,-71.718,-69.602,-67.981,-67.829,-71.163,-74.428,-64.105,-65.135
78,-62.954,-60.393,-58.693,-60.92,-75.868,-67.277,-72.343,-69.152,-66.622,-63.738,-68.683,-72.507,-63.953,-65.05
79,-62.265,-59.815,-57.983,-61.164,-74.351,-66.365,-65.826,-69.355,-66.949,-66.394,-68.412,-73.275,-63.12,-65.092
80,-61.15,-59.067,-57.612,-60.666,-72.802,-67.366,-68.079,-67.876,-66.149,-68.029,-66.549,-69.899,-62.028,-65.171
81,-60.379,-58.655,-57.002,-61.036,-76.801,-67.473,-67.944,-67.927,-65.64,-71.297,-65.98,-70.947,-62.441,-65.907
82,-59.614,-58.141,-56.442,-60.2,-71.545,-66.856,-69.355,-68.86,-64.48,-70.805,-66.021,-69.779,-62.042,-66.373
83,-57.985,-57.844,-56.325,-62.31,-71.57,-67.963,-67.48,-67.324,-65.197,-69.567,-68.289,-76.829,-62.632,-65.297
84,-58.749,-57.302,-55.972,-62.541,-67.558,-67.394,-67.699,-67.191,-66.051,-73.407,-71.066,-72.848,-62.174,-64.97
85,-58.488,-57.239,-55.838,-61.529,-66.926,-69.066,-68.18,-68.553,-66.054,-67.299,-70.675,-78.414,-63.192,-64.777
86,-58.582,-56.919,-56.185,-60.273,-66.516,-70.302,-65.362,-70.943,-71.635,-69.03,-71.238,-81.538,-62.738,-64.92
87,-58.022,-57.421,-55.868,-62.796,-65.979,-72.064,-71.534,-69.995,-71.778,-69.749,-81.488,-87.226,-63.147,-63.585
88,-58.057,-57.197,-56.248,-64.489,-65.066,-68.468,-66.614,-76.631,-78.701,-69.397,-75.063,-78.701,-62.789,-63.047
89,-57.696,-57.538,-56.464,-62.332,-65.13,-69.179,-71.9,-85.6,-72.223,-69.246,-75.568,-76.181,-63.03,-62.481
90,-58.437,-58.056,-56.632,-65.446,-66.232,-67.681,-68.934,-81.2,-68.976,-65.533,-69.945,-73.802,-63.781,-62.671
91,-58.719,-57.592,-56.812,-66.347,-68.038,-66.576,-70.183,-79.031,-66.125,-67.683,-65.898,-72.588,-64.169,-62.527
92,-59.99,-58.668,-56.993,-65.683,-67.724,-63.886,-64.677,-76.412,-63.549,-63.681,-66.515,-69.753,-66.152,-63.32
93,-60.065,-58.622,-56.771,-63.598,-70.178,-63.701,-70.541,-72.839,-62.461,-62.317,-65.79,-68.699,-66.887,-62.243
94,-61.585,-59.402,-57.99,-64.694,-74.707,-63.219,-69.721,-71.075,-61.725,-61.778,-65.517,-69.138,-67.925,-62.423
95,-63.053,-60.568,-58.225,-68.351,-72.305,-62.523,-65.366,-70.103,-59.722,-61.267,-63.26,-67.149,-70.767,-62.535
96,-64.993,-61.882,-58.711,-66.368,-75.602,-61.82,-65.824,-68.666,-59.443,-61.107,-61.899,-65.788,-73.992,-62.763
97,-68.251,-61.666,-61.326,-68.692,-72.374,-62.191,-64.574,-67.387,-58.438,-60.219,-60.222,-64.483,-76.402,-62.973
98,-69.742,-63.691,-63.085,-75.033,-77.155,-62.831,-65.942,-67.255,-58.367,-60.019,-60.088,-62.385,-76.762,-63.229
99,-75.258,-64.755,-64.66,-76.96,-76.231,-63.145,-66.655,-67.706,-58.157,-57.793,-58.965,-61.678,-72.304,-63.313
100,-73.394,-67.456,-67.778,-78.559,-72.791,-64.048,-70.676,-67.088,-57.952,-57.8,-58.083,-61.339,-67.541,-64.673
101,-73.735,-70.13,-86.908,-65.999,-71.673,-65.568,-72.94,-65.731,-57.378,-56.502,-57.725,-60.311,-65.701,-64.946
102,-66.775,-73.213,-75.835,-66.4,-79.443,-67.098,-75.511,-65.062,-57.163,-55.664,-57.007,-59.921,-63.129,-67.166
103,-64.555,-71.596,-68.369,-65.578,-72.375,-66.647,-87.96,-62.499,-56.425,-57.043,-56.643,-59.514,-64.163,-68.679
104,-62.441,-69.982,-64.342,-60.899,-73.783,-66.737,-75.625,-62.916,-55.862,-56.285,-56.244,-58.874,-62.47,-69.765
105,-60.446,-67.057,-61.018,-64.019,-71.181,-66.886,-65.985,-62.119,-55.164,-55.997,-55.656,-59.47,-61.133,-69.867
106,-58.796,-63.905,-58.747,-58.195,-68.49,-66.087,-65.523,-60.861,-55.074,-56.122,-56.403,-58.507,-59.779,-68.617
107,-57.675,-61.704,-57.313,-60.306,-66.836,-67.032,-63.367,-61.064,-54.985,-55.974,-56.314,-58.988,-58.792,-67.935
108,-57.11,-59.806,-55.53,-58.756,-65.489,-65.46,-65.451,-62.045,-55.371,-56.734,-56.574,-59.309,-58.732,-64.993
109,-56.029,-58.673,-54.307,-57.008,-62.559,-64.993,-62.812,-62.658,-56.055,-58.032,-57.05,-59.288,-57.969,-64.787
110,-55.969,-56.336,-53.458,-56.416,-61.914,-62.824,-64.157,-63.151,-57.121,-57.582,-58.908,-60.546,-58.159,-63.637
111,-55.57,-55.305,-53.139,-55.43,-61.345,-61.737,-64.442,-64.208,-59.056,-59.522,-60.33,-63.574,-58.506,-63.654
112,-55.354,-54.276,-52.42,-54.973,-60.144,-61.559,-62.877,-67.861,-60.553,-64.251,-62.533,-64.93,-58.253,-63.497
113,-55.591,-53.256,-52.142,-54.915,-59.474,-61.138,-62.383,-68.885,-64.537,-75.091,-66.517,-66.528,-59.317,-63.398
114,-56.403,-53.455,-51.867,-54.12,-58.8,-61.75,-66.844,-72.354,-67.271,-71.327,-73.629,-71.565,-59.941,-64.975
115,-56.293,-53.14,-51.931,-54.15,-58.146,-61.917,-66.056,-72.952,-65.014,-65.287,-71.212,-67.708,-62.027,-66.757
116,-57.17,-53.231,-52.053,-53.779,-57.262,-61.636,-74.623,-70.815,-60.748,-59.777,-62.229,-64.168,-62.402,-69.846
117,-58.034,-54.218,-52.55,-53.593,-57.325,-61.516,-75.721,-68.627,-57.868,-58.541,-58.927,-61.526,-61.8,-73.19
118,-58.087,-54.792,-53.369,-54.334,-57.354,-60.871,-75.103,-65.126,-55.949,-55.558,-56.703,-58.724,-60.397,-67.815
119,-57.76,-56.745,-54.993,-55.197,-57.871,-61.799,-72.147,-64.201,-54.73,-54.493,-54.83,-57.555,-59.154,-63.273
120,-55.598,-58.345,-57.059,-56.642,-59.272,-63.15,-67.384,-62.351,-53.461,-53.025,-53.989,-56.665,-57.562,-59.728
121,-53.854,-58.091,-59.494,-57.625,-61.351,-63.388,-68.804,-60.848,-53.685,-53.487,-53.115,-55.68,-55.898,-57.266
122,-51.513,-56.007,-59.492,-65.359,-65.048,-68.216,-66.438,-60.19,-53.113,-53.865,-53.483,-56.299,-55.271,-55.71
123,-50.056,-53.196,-55.955,-72.16,-74.068,-70.998,-66.319,-60.436,-53.881,-54.038,-53.957,-57.235,-55,-54.918
124,-48.671,-51.131,-52.644,-62.827,-68.849,-69.774,-64.653,-60.597,-55.173,-56.12,-55.354,-58.605,-55.186,-54.59
125,-47.965,-49.324,-50.126,-57.22,-62.951,-62.959,-61.824,-62.816,-57.316,-59.404,-58.03,-60.7,-55.812,-54.707
126,-47.679,-48.226,-48.371,-53.333,-58.755,-58.535,-59.995,-62.916,-61.114,-65.261,-62.707,-64.814,-58.196,-55.55
127,-47.687,-47.451,-47.352,-51.329,-55.465,-55.137,-58.436,-61.808,-63.28,-72.056,-72.368,-77.922,-60.628,-57.58
128,-48.275,-47.134,-46.644,-49.204,-53.665,-53.055,-56.322,-60.105,-59.927,-66.579,-66.167,-69.579,-65.732,-59.651
129,-49.45,-47.181,-46.287,-48.31,-52.132,-51.024,-54.044,-56.779,-55.498,-59.368,-58.834,-62.455,-76.405,-63.357
130,-51.483,-47.998,-46.395,-47.301,-51.314,-49.468,-52.313,-54.316,-52.517,-53.914,-54.829,-58.579,-65.562,-61.798
131,-53.722,-49.126,-46.913,-47.245,-50.424,-48.577,-51.026,-52.556,-50.188,-52.216,-52.759,-56.482,-60.092,-58.889
132,-56.358,-51.091,-48.203,-47.502,-50.354,-47.703,-49.757,-50.939,-48.779,-51.397,-52.02,-55.264,-56.526,-55.556
133,-56.157,-54.365,-49.856,-48.402,-50.445,-47.237,-49.435,-50.188,-47.808,-50.378,-51.189,-53.929,-55.076,-53.738
134,-54.414,-59.136,-52.805,-49.91,-50.859,-47.115,-48.296,-49.522,-47.191,-50.152,-50.418,-53.544,-53.597,-52.108
135,-51.503,-58.13,-57.161,-51.343,-51.859,-47.252,-48.302,-48.856,-47.082,-50.133,-50.563,-53.397,-53.21,-51.186
136,-49.686,-53.199,-60.025,-54.566,-53.235,-47.877,-48.547,-48.967,-46.853,-49.575,-50.89,-54.274,-53.623,-51.32
137,-48.12,-50.05,-54.898,-56.442,-54.395,-48.399,-48.843,-49.012,-46.89,-50.796,-51.21,-55.162,-54.816,-52.019
138,-47.319,-47.81,-51.042,-56.24,-55.313,-48.985,-49.544,-49.178,-46.502,-51.245,-51.001,-55.59,-56.35,-53.884
139,-47.544,-46.641,-48.884,-53.116,-54.105,-49.075,-49.01,-49.109,-45.813,-49.899,-50.749,-55.248,-56.967,-56.634
140,-47.868,-46.231,-47.494,-50.395,-52.589,-48.316,-48.927,-48.611,-45.156,-49.104,-49.435,-53.613,-55.711,-58.465
141,-49.545,-46.715,-47.294,-48.901,-51.06,-47.226,-48.224,-47.907,-44.316,-48.295,-48.297,-52.018,-52.76,-55.482
142,-52.406,-48.143,-47.8,-48.498,-50.01,-46.331,-47.575,-47.09,-43.705,-48.016,-47.781,-50.902,-50.845,-51.824
143,-57.211,-50.79,-49.023,-48.653,-49.553,-45.857,-46.943,-46.617,-43.501,-46.857,-47.741,-50.437,-49.568,-49.369
144,-68.148,-55.7,-51.268,-49.161,-49.918,-45.924,-46.673,-46.549,-43.501,-47.192,-48.003,-50.825,-49.08,-48.11
145,-59.381,-67.973,-54.756,-50.389,-51.451,-46.462,-47.447,-47.016,-44.024,-48.234,-49.498,-51.779,-49.44,-47.19
146,-54.15,-59.819,-58.555,-54.103,-53.365,-48.086,-48.264,-47.87,-45.284,-49.128,-51.477,-54.018,-50.751,-47.122
147,-52.677,-53.622,-58.587,-57.009,-57.363,-50.488,-50.977,-49.681,-46.955,-51.755,-54.189,-57.533,-52.695,-47.518
148,-51.844,-51.089,-55.911,-68.852,-65.11,-54.636,-54.551,-52.335,-49.298,-53.57,-57.599,-62.44,-55.896,-48.766
149,-53.032,-50.631,-54.297,-62.158,-72.387,-61.185,-56.781,-55.611,-51.69,-55.262,-59.085,-67.876,-60.895,-50.764
150,-55.711,-51.256,-53.664,-58.119,-61.31,-64.081,-62.372,-58.822,-53.331,-57.501,-59.347,-67.376,-66.383,-53.913
151,-56.508,-52.388,-52.926,-55.433,-58.446,-59.935,-58.957,-59.122,-55.113,-56.798,-59.591,-65.228,-69.449,-58.039
152,-53.113,-51.943,-51.834,-53.963,-58.132,-58.674,-57.384,-59.572,-56.927,-60.094,-62.791,-65.034,-63.205,-58.215
153,-49.182,-49.37,-50.325,-54.787,-59.148,-60.753,-59.872,-62.996,-63.173,-64.591,-66.447,-63.449,-58.916,-54.625
154,-46.381,-46.519,-48.233,-54.197,-61.298,-68.244,-63.351,-78.723,-64.902,-62.448,-61.015,-60.229,-55.487,-51.943
155,-44.738,-44.509,-46.811,-53.217,-60.216,-61.22,-70.271,-62.016,-56.569,-61.047,-56.493,-57.414,-53.646,-50.4
156,-43.733,-43.098,-45.763,-52.184,-57.203,-54.782,-57.036,-55.884,-51.656,-55.037,-53.759,-55.359,-52.367,-50.21
157,-43.652,-42.78,-45.59,-51.467,-54.764,-51.345,-53.383,-52.124,-49.648,-53.745,-53.128,-54.391,-51.639,-51.066
158,-44.259,-43.121,-45.913,-51.189,-53.182,-49.278,-51.3,-50.542,-48.235,-53.769,-53.37,-54.969,-52.223,-52.397
159,-46.01,-44.382,-47.196,-52.135,-52.488,-48.11,-50.347,-49.901,-48.076,-54.298,-55.135,-56.486,-53.336,-53.031
160,-48.732,-46.314,-49.557,-53.875,-52.542,-48.241,-50.675,-50.501,-48.345,-54.192,-59.516,-60.21,-55.35,-51.649
161,-53.392,-49.255,-53.236,-56.946,-53.769,-48.528,-49.898,-50.545,-48.623,-54.285,-62.403,-71.069,-57.732,-49.461
162,-63.456,-53.005,-57.846,-58.418,-55.396,-48.95,-49.673,-50.621,-48.127,-51.971,-55.758,-61.665,-58.248,-47.997
163,-65.201,-55.883,-60.668,-63.999,-57.006,-48.987,-49.511,-49.688,-46.958,-49.916,-51.148,-55.591,-55.184,-47.511
164,-59.669,-57.442,-60.293,-65.707,-56.763,-48.371,-48.324,-48.362,-45.503,-47.442,-48.502,-52.015,-53.073,-47.663
165,-61.083,-59.962,-59.773,-62.039,-56.291,-47.771,-47.373,-47.248,-44.399,-46.838,-46.909,-50.159,-51.305,-49.274
166,-69.77,-59.322,-58.313,-57.048,-54.501,-47.18,-47.392,-46.8,-44.106,-45.762,-46.285,-49.327,-50.962,-51.039
167,-58.114,-53.448,-53.243,-53.092,-52.575,-46.974,-47.141,-46.938,-44.294,-46.086,-46.517,-49.583,-51.707,-54.706
168,-51.889,-49.235,-49.674,-50.321,-51.411,-46.997,-47.938,-47.727,-45.179,-47.203,-47.559,-50.842,-53.719,-59.368
169,-48.994,-46.634,-47.446,-48.574,-50.393,-47.384,-48.787,-48.574,-46.304,-48.928,-49.04,-52.812,-57.055,-64.038
170,-47.747,-45.872,-46.44,-48.064,-49.918,-48.023,-49.59,-49.414,-47.164,-49.941,-50.533,-55.133,-60.769,-64.411
171,-47.679,-46.927,-47.133,-48.462,-50.473,-49.189,-51.143,-50.438,-47.797,-50.49,-51.107,-56.869,-59.388,-68.477
172,-48.241,-49.674,-49.408,-51.581,-52.22,-50.859,-53.732,-51.34,-48.165,-50.636,-50.363,-54.681,-55.547,-57.219
173,-45.504,-48.859,-49.035,-54.493,-53.479,-50.63,-53.094,-52.126,-47.326,-49.459,-47.325,-50.431,-49.428,-49.012
174,-40.974,-42.118,-43.191,-47.207,-49.678,-45.143,-48.48,-48.158,-43.905,-45.58,-43.591,-45.749,-44.264,-43.587
175,-36.925,-37.253,-38.391,-41.479,-44.267,-40.446,-42.789,-43.088,-39.561,-41.794,-39.944,-41.686,-40.049,-39.625
176,-33.866,-33.654,-34.854,-37.297,-40.357,-36.809,-38.79,-39.155,-36.038,-38.521,-36.96,-38.454,-36.901,-36.617
177,-31.655,-31.162,-32.103,-34.294,-37.26,-34.11,-35.525,-36.028,-33.137,-35.791,-34.446,-35.959,-34.413,-34.29
178,-29.911,-29.308,-30.223,-32.303,-35.139,-32.243,-33.558,-33.855,-31.118,-33.933,-32.762,-34.174,-32.696,-32.758
179,-28.779,-28.067,-28.89,-30.707,-33.557,-30.703,-32.033,-32.342,-29.577,-32.574,-31.299,-32.907,-31.503,-31.626
180,-28.108,-27.291,-28.048,-29.739,-32.558,-29.939,-31.272,-31.421,-28.711,-31.619,-30.653,-32.194,-30.903,-31.162
181,-27.886,-27.105,-27.714,-29.133,-32.089,-29.612,-30.783,-30.928,-28.271,-31.289,-30.384,-31.98,-30.715,-31.085
182,-28.148,-27.355,-27.775,-29.124,-32.096,-29.732,-31.071,-31.224,-28.469,-31.427,-30.615,-32.356,-31.159,-31.716
183,-28.869,-28.109,-28.393,-29.533,-32.73,-30.578,-31.704,-31.947,-29.093,-32.081,-31.316,-33.202,-32.144,-32.72
184,-30.163,-29.403,-29.356,-30.456,-33.668,-31.847,-33.136,-33.207,-30.364,-33.231,-32.727,-34.675,-33.668,-34.363
185,-31.951,-31.241,-30.98,-31.886,-35.34,-33.711,-35.241,-35.275,-32.231,-35.097,-34.543,-36.665,-35.863,-36.411
186,-34.658,-33.781,-33.149,-33.697,-37.634,-36.326,-37.671,-38.082,-34.937,-37.653,-36.983,-39.144,-38.521,-38.637
187,-38.576,-37.8,-36.103,-36.334,-40.208,-39.371,-40.976,-41.728,-38.185,-40.37,-39.569,-41.608,-40.915,-39.877
188,-43.679,-43.491,-39.984,-39.011,-42.308,-41.385,-43.425,-44.139,-40.854,-42.933,-41.433,-43.122,-41.931,-39.918
189,-45.841,-49.516,-44.251,-40.932,-43.15,-41.418,-42.606,-44.052,-41.14,-43.618,-41.838,-43.473,-41.995,-39.572
190,-42.412,-45.562,-45.655,-41.738,-43.047,-40.78,-42.248,-43.084,-40.508,-43.86,-41.679,-43.567,-42.087,-39.821
191,-40.08,-42.293,-44.481,-41.786,-42.859,-40.754,-42.302,-43.077,-40.3,-43.381,-42.379,-44.487,-42.967,-40.785
192,-38.959,-41.123,-43.806,-42.204,-43.833,-41.802,-43.388,-43.875,-41.219,-44.888,-44.161,-46.579,-45.117,-42.81
193,-39.11,-41.482,-44.837,-44.025,-45.656,-43.961,-45.389,-46.129,-43.326,-47.628,-47.197,-50.377,-48.955,-45.913
194,-39.99,-42.762,-47.335,-46.788,-49.219,-47.792,-49.505,-50.004,-47.407,-51.466,-53.445,-58.219,-54.796,-50.334
195,-41.751,-45.117,-52.881,-52.545,-56.195,-54.317,-55.956,-56.04,-53.811,-59.651,-64.782,-61.001,-54.251,-52.423
196,-44.701,-48.222,-62.219,-60.896,-58.351,-54.948,-56.165,-55.507,-54.171,-55.464,-53.371,-52.785,-49.972,-50.439
197,-48.879,-50.834,-52.668,-52.144,-52.2,-49.845,-52.009,-51.87,-49.429,-50.572,-49.327,-49.68,-47.989,-48.895
198,-55.68,-51.793,-48.006,-47.729,-49.536,-48.115,-50.178,-50.678,-47.788,-49.228,-47.791,-48.856,-47.502,-48.793
199,-71.436,-50.602,-45.956,-45.701,-48.723,-48.387,-51.614,-51.435,-48.239,-48.32,-48.027,-49.196,-48.613,-49.931
200,-61.164,-50.076,-45.46,-45.814,-49.643,-50.616,-55.969,-55.316,-50.4,-49.51,-50.037,-51.535,-51.079,-50.827
201,-58.701,-50.997,-46.348,-46.936,-51.972,-56.197,-64.471,-61.135,-54.208,-53.285,-53.751,-56.03,-56.15,-49.93
202,-60.279,-53.595,-48.687,-49.82,-56.11,-56.713,-55.497,-55.067,-53.159,-55.569,-62.156,-73.652,-59.729,-47.943
203,-69.762,-56.871,-53.34,-55.121,-56.419,-49.605,-49.729,-49.692,-48.558,-54.782,-65.776,-60.893,-53.859,-46.43
204,-63.151,-57.396,-60.996,-57.001,-51.59,-45.843,-46.418,-46.429,-45.43,-49.985,-56.452,-53.953,-50.836,-45.526
205,-55.806,-53.034,-54.195,-51.662,-48.343,-43.61,-44.419,-44.867,-43.767,-47.685,-52.628,-51.353,-49.16,-45.203
206,-51.604,-49.575,-48.931,-47.576,-46.855,-42.3,-43.5,-43.943,-42.901,-47.071,-50.737,-50.344,-48.601,-45.704
207,-49.339,-47.446,-46.021,-45.351,-46.009,-41.883,-43.412,-43.809,-42.643,-46.002,-49.688,-49.904,-48.841,-46.691
208,-48.202,-46.685,-44.73,-44.462,-45.834,-41.85,-43.963,-44.314,-42.988,-45.903,-49.202,-50.127,-49.409,-47.631
209,-48,-46.238,-44.246,-44.037,-46.199,-42.561,-44.43,-45.006,-43.615,-46.633,-48.745,-49.814,-49.366,-47.918
210,-47.944,-46.735,-44.397,-44.21,-47.175,-43.612,-45.876,-46.175,-44.291,-46.979,-48.183,-49.604,-48.853,-47.168
211,-48.588,-47.907,-45.425,-45.19,-48.278,-44.948,-46.575,-47.023,-44.964,-47.183,-47.696,-49.062,-48.515,-46.276
212,-49.917,-49.564,-46.934,-46.151,-49.269,-46.029,-47.337,-47.859,-45.515,-47.942,-47.44,-48.827,-47.829,-45.761
213,-51.105,-51.608,-49.083,-47.444,-50.115,-46.932,-48.183,-48.152,-45.493,-47.82,-47.684,-48.636,-47.483,-45.429
214,-52.009,-53.842,-51.233,-48.657,-50.064,-47.01,-47.94,-48.356,-45.649,-48.182,-47.881,-49.089,-47.654,-45.904
215,-51.867,-53.781,-52.345,-49.182,-50.136,-46.907,-48.046,-48.633,-45.577,-48.44,-48.706,-49.688,-48.493,-46.838
216,-51.289,-52.613,-52.524,-49.122,-49.874,-47.008,-48.562,-48.555,-46.082,-49.471,-49.676,-50.977,-49.981,-48.344
217,-50.687,-51.857,-51.921,-49.286,-50.029,-47.297,-48.781,-49.344,-46.63,-50.884,-51.012,-52.499,-51.578,-50.204
218,-50.137,-50.992,-51.616,-51.03,-50.664,-48.048,-49.629,-50.056,-47.422,-51.321,-52.159,-54.296,-54.448,-52.246
219,-50.281,-50.996,-51.608,-51.231,-52.084,-49.07,-50.493,-50.855,-48.144,-52.335,-53.732,-56.147,-57.62,-54.491
220,-50.405,-51.639,-52.529,-53.735,-53.946,-50.665,-52.179,-52.403,-49.438,-53.209,-54.977,-58.261,-60.41,-56.199
221,-51.555,-52.309,-53.354,-55.898,-56.169,-52.719,-53.803,-53.962,-50.699,-54.771,-56.667,-59.976,-64.021,-56.858
222,-52.573,-54.24,-55.175,-57.357,-59.469,-55.822,-55.568,-55.735,-52.042,-54.913,-57.869,-62.71,-65.916,-57.928
223,-54.186,-56.239,-56.593,-58.356,-64.344,-59.849,-56.763,-57.035,-53.445,-56.089,-59.467,-65.093,-67.848,-60.047
224,-56.966,-58.453,-57.895,-59.802,-75.009,-64.886,-62.02,-59.154,-55.06,-59.511,-61.158,-72.118,-68.953,-61.597
225,-58.905,-60.869,-59.021,-59.191,-71.232,-73.537,-64.728,-61.487,-56.624,-61.473,-63.267,-75.819,-73.999,-64.763
226,-62.31,-61.918,-60.88,-60.006,-69.783,-73.572,-70.173,-63.608,-58.892,-61.923,-68.107,-76.687,-77.108,-64.961
227,-65.92,-62.154,-61.91,-61.131,-66.872,-69.713,-68.212,-64.488,-61.303,-65.796,-65.73,-70.488,-69.753,-63.793
228,-70.643,-62.007,-61.289,-62.946,-68.851,-67.746,-75.115,-65.151,-61.036,-64.265,-65.823,-68.474,-66.553,-62.069
229,-74.438,-61.763,-63.192,-65.784,-69.682,-70.098,-86.248,-67.408,-62.533,-63.484,-63.548,-68.141,-64.992,-61.756
230,-71.242,-60.976,-63.439,-66.072,-72.302,-73.807,-74.504,-66.513,-62.273,-67.837,-61.395,-64.029,-63.986,-61.092
231,-71.011,-60.783,-65.108,-71.486,-72.473,-79.814,-65.686,-67.29,-62.119,-67.704,-60.204,-63.7,-63.285,-60.599
232,-67.891,-60.696,-67.219,-87.377,-72.304,-73.208,-66.067,-67.989,-62.965,-63.623,-59.953,-62.622,-61.78,-60.745
233,-65.931,-61.203,-69.453,-75.262,-69.802,-68.085,-67.639,-66.811,-63.604,-64.727,-60.704,-63.666,-62.621,-61.296
234,-64.033,-60.746,-73.848,-72.176,-66.961,-64.688,-68.327,-67.422,-64.867,-68.459,-62.77,-64.041,-62.941,-61.879
235,-61.774,-61.489,-73.656,-71.655,-64.483,-63.269,-61.883,-65.678,-63.619,-77.385,-66.174,-64.982,-65.677,-61.918
236,-60.725,-60.539,-73.179,-67.386,-64.269,-61.835,-62.294,-64.004,-62.789,-71.586,-69.31,-67.453,-66.154,-64.424
237,-60.405,-60.596,-69.386,-64.885,-63.28,-60.997,-61.773,-63.077,-60.903,-72.938,-76.491,-75.169,-67.721,-65.782
238,-59.844,-59.999,-66.935,-66.041,-63.481,-60.165,-63.778,-62.01,-59.178,-64.088,-70.47,-80.806,-68.795,-64.851
239,-58.236,-59.347,-64.472,-64.043,-63.618,-59.967,-62.819,-61.907,-59.68,-65.953,-66.709,-76.032,-68.677,-65.24
240,-56.958,-58.545,-63.343,-64.835,-65.789,-60.299,-60.984,-63.041,-58.584,-60.898,-65.078,-72.38,-67.004,-65.117
241,-56.189,-57.652,-62.083,-64.492,-66.607,-60.746,-62.31,-63.26,-58.639,-62.935,-63.15,-67.988,-67.215,-65.009
242,-56.03,-58.48,-61.662,-67.715,-70.203,-62.836,-65.17,-64.682,-58.312,-60.657,-61.311,-66.666,-67.405,-64.266
243,-55.99,-58.083,-60.768,-67.673,-72.422,-65.352,-63.088,-64.581,-59.163,-60.938,-61.012,-65.238,-65.273,-63.809
244,-56.122,-57.918,-60.679,-64.094,-70.211,-67.409,-65.967,-67.44,-60.08,-60.262,-61.316,-65.708,-67.234,-63.926
245,-56.803,-57.676,-59.69,-64.16,-68.393,-71.046,-70.027,-71.179,-60.608,-63.265,-62.292,-66.331,-67.146,-64.878
246,-57.382,-57.863,-60.199,-63.915,-67.464,-74.524,-101.552,-72.462,-61.904,-63.96,-62.885,-67.143,-68.998,-65.238
247,-58.719,-58.331,-59.553,-68.852,-65.987,-72.545,-72.29,-71.176,-61.527,-62.047,-63.645,-68.383,-71.231,-65.533
248,-59.671,-58.15,-59.744,-64.094,-64.683,-73.694,-81.481,-76.224,-63.072,-62.437,-64.062,-69.629,-71.622,-67.026
249,-61.179,-58.733,-60.503,-65.988,-65.834,-70.74,-72.62,-75.465,-62.935,-63.678,-65.025,-69.912,-72.405,-68.314
250,-62.324,-58.827,-61.672,-65.068,-63.54,-68.086,-73.039,-71.791,-64.81,-63.181,-68.944,-69.24,-70.668,-67.976
251,-63.81,-59.396,-62.283,-64.213,-64.621,-68.748,-80.263,-76.503,-63.424,-62.702,-68.188,-70.246,-71.163,-70.889
252,-66.565,-59.266,-64.139,-69.238,-65.93,-68.03,-86.303,-75.197,-65.352,-68.217,-69.804,-71.487,-69.527,-73.431
253,-68.069,-60.265,-66.27,-69.929,-70.117,-67.224,-81.201,-72.935,-65.235,-65.662,-70.962,-72.093,-69.269,-83.01
254,-71.117,-62.168,-66.741,-68.992,-69.571,-67.362,-80.309,-69.811,-64.872,-64.559,-71.759,-74.816,-67.594,-92.944
255,-71.696,-61.702,-70.502,-68.218,-72.293,-68.375,-69.117,-68.629,-64.792,-65.547,-68.739,-83.874,-73.277,-88.278
256,-67.752,-65.12,-73.792,-73.462,-77.853,-68.322,-69.814,-68.076,-65.261,-66.399,-70.33,-78.808,-79.695,-79.801
257,-64.428,-66.869,-76.476,-65.864,-81.578,-68.557,-84.619,-67.369,-64.949,-64.04,-71.676,-80.272,-73.674,-82.911
258,-64.146,-71.554,-72.505,-63.765,-79.301,-66.932,-66.002,-67.121,-65.379,-62.826,-70.737,-82.365,-82.453,-78.06
259,-62.792,-72.84,-73.325,-64.547,-79.757,-71.129,-67.619,-65.165,-64.366,-66.521,-71.663,-79.59,-79.558,-78.061
260,-62.29,-69.498,-70.389,-60.912,-77.42,-71.641,-66.212,-66.546,-64.376,-64.762,-70.386,-81.234,-75.099,-78.651
261,-60.742,-68.342,-66.539,-62.51,-74.724,-72.177,-72.651,-66.602,-63.959,-64.086,-71.585,-85.58,-82.168,-78.557
262,-60.934,-66.284,-66.252,-60.322,-74.2,-75.035,-78.515,-65.154,-63.18,-66.753,-73.712,-75.916,-86.031,-76.278
263,-60.169,-63.405,-68.403,-60.288,-73.474,-110.026,-69.732,-67.315,-64.251,-66.051,-74.604,-80.145,-87.91,-76.828
264,-60.199,-62.484,-67.555,-64.708,-72.812,-77.253,-82.464,-68.036,-64.833,-69.003,-77.829,-78.456,-86.806,-75.555
265,-60.54,-61.814,-68.969,-62.122,-73.247,-74.733,-74.038,-69.116,-66.311,-72.518,-78.166,-80.594,-84.419,-79.963
266,-60.449,-61.812,-71.236,-68.532,-73.317,-72.439,-83.906,-77.282,-66.976,-71.246,-82.223,-80.963,-86.879,-74.033
267,-62.25,-63.408,-74.146,-64.872,-72.239,-70.344,-79.37,-74.455,-69.14,-69.219,-87.427,-82.382,-86.871,-76.468
268,-62.703,-63.935,-75.398,-64.912,-74.214,-65.668,-70.438,-87.786,-72.677,-71.832,-82.324,-81.739,-77.438,-73.674
269,-62.061,-65.081,-79.118,-69.409,-73.615,-66.992,-71.005,-77.779,-76.761,-70.553,-76.316,-75.457,-80.974,-71.943
270,-64.634,-66.427,-77.5,-68.378,-75.284,-66.383,-74.841,-74.097,-72.625,-69.615,-74.347,-75.32,-85.581,-72.389
271,-65.254,-69.181,-78.998,-74.758,-77.54,-66.272,-70.174,-68.582,-68.133,-72.953,-71.632,-75.411,-76.898,-70.807
272,-68.092,-70.562,-76.412,-70.046,-76.543,-65.91,-69.899,-68.363,-66.703,-74.09,-71.569,-73.208,-74.462,-71.417
273,-68.131,-72.608,-71.648,-70.638,-77.803,-66.653,-66.1,-68.207,-66,-71.146,-71.314,-75.133,-77.001,-71.735
274,-68.533,-75.519,-71.791,-72.222,-77.969,-67.25,-69.381,-65.679,-63.426,-67.545,-70.02,-73.661,-76.201,-72.925
275,-67.82,-76.887,-76.51,-74.746,-75.222,-67.902,-73.975,-68.245,-62.569,-66.199,-66.673,-72.346,-75.603,-72.665
276,-67.998,-74.33,-78.416,-70.423,-74.049,-68.891,-70.49,-66.178,-62.387,-61.761,-67.104,-73.036,-72.095,-74.24
277,-67.93,-71.308,-74.685,-71.004,-77.511,-68.302,-71.855,-67.71,-62.037,-65.193,-66.756,-73.101,-70.605,-71.879
278,-67.673,-69.054,-80.792,-69.181,-74.897,-68.919,-68.612,-68.559,-61.425,-69.273,-65.49,-72.086,-72.598,-73.248
279,-67.487,-68.289,-76.242,-70.802,-75.567,-68.659,-67.904,-71.134,-62.553,-66.331,-65.191,-69.456,-69.856,-72.221
280,-68.308,-66.421,-71.494,-73.533,-75.515,-69.139,-65.568,-73.407,-62.995,-63.975,-65.143,-72.793,-71.66,-70.73
281,-67.802,-66.584,-72.89,-73.556,-80.935,-67.159,-66.743,-73.542,-63.789,-65.848,-63.354,-70.016,-69.057,-70.09
282,-69.268,-66.663,-72.158,-72.534,-83.861,-67.914,-67.236,-73.239,-65.234,-65.501,-66.612,-68.807,-72.257,-71.769
283,-68.711,-66.208,-70.474,-66.339,-79.996,-67.497,-66.383,-74.989,-66.821,-64.863,-65.846,-70.309,-75.258,-70.548
284,-69.546,-66.989,-72.633,-75.446,-83.102,-69.107,-66.236,-72.666,-67.893,-68.213,-66.158,-67.721,-73.339,-69.713
285,-72.902,-67.144,-72.335,-72.34,-79.445,-72.717,-67.917,-71.228,-67.44,-71.018,-65.627,-70.266,-70.985,-70.927
286,-73.249,-66.884,-74.432,-66.215,-84.617,-74.38,-64.887,-69.362,-68.013,-67.977,-67.636,-68.679,-70.814,-70.129
287,-73.793,-67.69,-69.583,-69.141,-77.311,-77.527,-75.023,-69.092,-68.65,-71.692,-68.832,-70.239,-71.625,-71.291
288,-82.563,-69.624,-75.607,-65.787,-73.237,-77.629,-69.945,-71.778,-67.391,-70.597,-68.428,-70.582,-71.105,-75.279
289,-88.993,-70.565,-74.879,-66.402,-73.826,-78.479,-88.161,-72.238,-67.334,-68.652,-69.071,-72.62,-77.308,-80.177
290,-86.389,-73.814,-74.784,-84.507,-74.521,-75.1,-79.009,-74.392,-69.181,-72.828,-70.997,-73.542,-71.937,-76.449
291,-78.634,-77.905,-74.094,-75.431,-75.498,-74.645,-72.358,-81.651,-70.308,-71.974,-73.736,-72.262,-78.527,-77.7
292,-78.335,-76.233,-70.767,-73.819,-74.784,-72.929,-82.701,-84.207,-71.416,-74.803,-74.183,-76.142,-76.744,-78.165
293,-75.02,-76.539,-70.098,-85.489,-75.109,-70.436,-91.134,-91.556,-74.573,-73.32,-77.568,-74.534,-83.181,-78.61
294,-76.507,-79.507,-67.391,-72.714,-75.026,-74.048,-72.887,-80.811,-81.753,-70.722,-82.029,-79.197,-75.275,-77.757
295,-80.704,-73.371,-67.826,-74.529,-75.574,-70.848,-79.736,-77.8,-78.253,-69.792,-77.654,-79.586,-74.548,-72.945
296,-78.922,-74.376,-69.533,-71.409,-72.679,-71.431,-76.014,-80.573,-75.232,-64.048,-78.304,-89.781,-85.954,-71.062
297,-85.151,-75.103,-72.219,-72.312,-74.189,-72.848,-67.564,-76.543,-74.137,-67.787,-78.016,-83.812,-79.09,-71.667
298,-77.993,-74.009,-72.652,-75.808,-72.848,-74.403,-77.456,-79.358,-74.522,-72.023,-79.009,-80.381,-73.695,-73.577
299,-84.368,-77.002,-82.475,-72.734,-77.477,-74.463,-79.063,-75.023,-69.458,-72.552,-72.952,-81.357,-75.793,-75.101
300,-84.697,-80.406,-79.198,-84.217,-75.001,-73.29,-75.01,-85.399,-67.148,-77.191,-70.613,-76.775,-78.042,-76.287
301,-81.817,-82.131,-73.377,-74.586,-75.689,-73.212,-73.069,-76.283,-67.63,-67.86,-72.044,-78.444,-82.638,-79.821
302,-77.941,-77.727,-71.177,-81.799,-73.471,-73.002,-101.742,-78.695,-69.197,-68.994,-70.652,-76.295,-86.223,-74.174
303,-77.346,-77.937,-69.686,-73.825,-78.204,-75.507,-82.252,-74.994,-69.077,-70.356,-72.776,-73.843,-85.872,-71.261
304,-71.678,-74.664,-70.429,-81.114,-72.347,-71.586,-80.106,-79.02,-70.565,-85.812,-70.954,-76.189,-92.188,-71.247
305,-72.954,-78.334,-70.996,-82.977,-74.208,-72.957,-76.187,-75.323,-69.953,-75.502,-77.845,-79.771,-90.591,-70.805
306,-71.188,-81.486,-74.709,-79.973,-73.505,-71.695,-73.869,-78.169,-70.194,-91.02,-73.766,-78.223,-82.823,-73.768
307,-75.161,-79.758,-75.873,-73.402,-75.726,-74.766,-80.58,-89.194,-70.457,-76.247,-75.339,-81.998,-75.398,-76.885
308,-74.074,-85.65,-79.513,-80.484,-77.321,-78.115,-74.927,-93.714,-75.565,-68.874,-83.11,-88.68,-79.789,-81.55
309,-77.408,-80.62,-74.864,-77.114,-77.067,-83.22,-72.686,-91.599,-77.821,-71.733,-85.045,-80.007,-81.46,-77.06
310,-76.905,-80.9,-73.074,-72.637,-72.379,-74.231,-72.791,-85.43,-73.451,-77.622,-70.771,-74.869,-75.814,-80.911
311,-72.097,-74.296,-71.433,-70.321,-72.146,-74.205,-76.66,-76.997,-71.828,-66.351,-71.082,-72.517,-76.046,-83.381
312,-68.662,-71.108,-71.957,-68.856,-73.557,-76.728,-71.731,-77.926,-67.41,-70.071,-70.134,-72.651,-72.42,-80.34
313,-67.766,-71.866,-70.887,-70.1,-72.064,-71.078,-70.357,-72.949,-66.232,-66.067,-67.38,-70.909,-73.655,-73.455
314,-66.889,-71.096,-71.753,-67.476,-73.245,-73.85,-78.339,-72.968,-66.099,-64.92,-67.423,-70.676,-72.704,-75.653
315,-69.523,-72.629,-74.061,-69.637,-78.646,-83.803,-88.107,-73.048,-67.876,-67.477,-67.663,-72.065,-69.954,-72.759
316,-71.887,-72.241,-77.569,-69.542,-76.703,-81.479,-77.735,-86.566,-69.839,-66.674,-68.19,-73.805,-76.582,-76.592
317,-76.346,-75.627,-80.671,-83.89,-75.899,-83.014,-74.801,-93.14,-71.312,-70.023,-69.398,-69.746,-74.117,-81.336
318,-84.83,-78.756,-90.814,-70.746,-84.741,-89.628,-78.572,-96.052,-74.029,-69.165,-68.846,-71.924,-82.148,-75.44
319,-78.38,-72.84,-83.989,-75.877,-77.609,-90.483,-84.994,-84.621,-77.678,-71.908,-70.767,-70.335,-81.035,-78.99
320,-73.17,-72.711,-80.191,-63.879,-83.501,-93.373,-79.648,-75.372,-77.382,-76.814,-73.944,-74.932,-80.243,-80.998
321,-70.075,-69.168,-75.075,-67.299,-72.36,-75.321,-74.152,-78.981,-72.027,-75.433,-73.521,-74.373,-85.359,-75.942
322,-70.315,-68.806,-72.437,-79.804,-75.463,-72.386,-72.105,-71.276,-70.682,-73.51,-77.318,-79.508,-81.386,-74.328
323,-69.034,-67.527,-69.813,-69.391,-72.332,-70.189,-67.49,-71.308,-71.774,-72.177,-79.283,-81.353,-75.978,-70.832
324,-73.462,-70.779,-71.406,-68.577,-72.784,-74.146,-70.863,-75.881,-72.379,-74.187,-72.346,-81.954,-75.716,-71.071
325,-76.259,-76.119,-70.439,-67.715,-75.526,-74.744,-78.907,-77.414,-80.031,-69.502,-73.797,-79.973,-82.605,-80.889
326,-74.362,-85.245,-75.693,-79.348,-75.338,-73.256,-73.381,-80.594,-75.317,-79.366,-70.891,-74.707,-90.314,-88.963
327,-69.373,-75.182,-81.71,-72.457,-75.467,-76.01,-70.613,-86.878,-72.087,-66.933,-72.65,-76.649,-88.589,-75.93
328,-69.919,-75.667,-74.524,-72.915,-78.969,-75.031,-71.584,-86.154,-82.765,-83.456,-74.116,-80.199,-85.78,-77.654
329,-69.149,-74.416,-74.363,-68.112,-76.13,-78.313,-85.409,-80.177,-81.298,-73.189,-74.519,-83.779,-76.268,-78.507
330,-73.983,-75.412,-74.475,-66.131,-78.369,-78.855,-83.651,-77.992,-77.014,-72.235,-80.065,-76.282,-78.06,-80.745
331,-80.823,-89.03,-91.071,-69.204,-74.396,-72.012,-78.567,-75.583,-75.116,-76.983,-84.113,-79.718,-79.031,-81.605
332,-82.356,-75.023,-77.502,-70.381,-74.825,-77.879,-75.168,-74.536,-71.028,-73.926,-76.509,-80.936,-83.334,-81.012
333,-79.096,-73.164,-75.66,-78.436,-71.96,-78.532,-86.893,-74.464,-75.872,-72.985,-75.135,-93.909,-83.581,-78.753
334,-70.788,-74.559,-73.716,-75.384,-74.679,-76.478,-74.719,-79.462,-79.904,-68.424,-76.297,-74.471,-80.02,-82.525
335,-72.248,-76.321,-75.615,-71.748,-74.995,-75.786,-79.322,-80.651,-79.503,-86.541,-69.641,-72.771,-75.987,-76.222
336,-72.782,-79.064,-77.554,-72.494,-76.744,-74.787,-77.71,-76.461,-76.403,-73.265,-74.591,-78.681,-80.394,-80.09
337,-71.631,-76.604,-76.436,-77.365,-89.712,-70.918,-79.8,-75.96,-77.781,-78.976,-83.374,-81.469,-82.095,-79.082
338,-69.1,-73.332,-73.827,-79.662,-77.26,-71.371,-67.591,-72.906,-71.312,-80.349,-81.48,-95.447,-79.222,-86.453
339,-66.443,-73.595,-76.603,-72.259,-71.392,-69.458,-74.253,-75.929,-69.497,-67.589,-73.464,-76.295,-76.702,-95.319
340,-68.024,-70.348,-76.878,-70.909,-69.797,-73.65,-73.299,-72.318,-68.238,-67.825,-73.891,-75.486,-77.15,-91.761
341,-66.417,-69.917,-82.647,-69.765,-72.792,-75.681,-91.89,-76.972,-70.947,-76.462,-76.484,-77.542,-81.522,-77.779
342,-66.653,-68.281,-77.887,-64.466,-73.349,-87.497,-74.397,-76.798,-73.205,-80.508,-81.477,-81.901,-77.36,-76.979
343,-67.842,-71.418,-79.282,-86.252,-76.018,-73.465,-69.928,-80.936,-78.571,-72.575,-82.101,-76.344,-73.004,-74.103
344,-71.226,-73.037,-77.45,-71.052,-94.154,-72.065,-69.022,-73.53,-80.539,-70.592,-71.082,-73.402,-71.487,-72.255
345,-74.345,-80.184,-77.458,-87.388,-81.892,-68.884,-68.89,-74.624,-74.587,-77.468,-75.201,-74.644,-75.136,-73.468
346,-69.537,-69.124,-70.771,-67.743,-92.956,-68.749,-70.371,-78.72,-72.365,-76.893,-74.015,-73.619,-79.175,-77.602
347,-67.054,-65.352,-68.191,-75.026,-83.019,-70.641,-65.933,-72.443,-73.499,-75.057,-78.882,-82.963,-76.314,-72.629
348,-67.064,-64.219,-65.77,-66.73,-79.61,-74.144,-72.223,-73.804,-72.591,-75.37,-81.48,-81.969,-73.903,-73.614
349,-67.76,-64.529,-67.654,-67.536,-83.424,-76.237,-91.497,-86.726,-75.465,-79.397,-82.113,-88.495,-73.431,-77.885
350,-68.847,-65.891,-70.806,-64.883,-82.016,-87.723,-71.267,-74.122,-74.476,-74.068,-85.481,-85.001,-80.175,-78.7
351,-71.358,-69.211,-73.528,-74.448,-85.81,-72.001,-70.89,-74.438,-75.087,-76.89,-91.394,-79.692,-98.67,-92.972
352,-75.887,-70.702,-73.599,-71.076,-80.947,-70.325,-69.226,-72.981,-88.481,-76.722,-80.402,-77.677,-80.882,-80.177
353,-73.776,-69.955,-71.506,-67.263,-72.481,-69.162,-65.662,-74.235,-78.626,-66.923,-76.48,-73.962,-98.375,-78.73
354,-72.054,-72.505,-69.512,-68.027,-68.184,-68.291,-72.636,-86.17,-69.326,-68.09,-72.766,-76.005,-89.833,-73.869
355,-72.015,-71.208,-69.246,-70.615,-66.991,-68.352,-93.252,-73.294,-65.927,-70.329,-71.527,-74.262,-76.603,-69.972
356,-69.703,-73.015,-68.3,-67.331,-68.37,-72.755,-76.33,-76.375,-66.015,-76.199,-73.766,-74.999,-73.76,-69.815
357,-70.246,-72.064,-69.978,-69.858,-68.18,-82.007,-77.82,-71.755,-67.763,-74.484,-71.173,-76.446,-75.238,-73.202
358,-68.771,-73.066,-74.312,-71.174,-69.335,-76.561,-88.431,-72.181,-78.875,-69.461,-73.684,-76.122,-81.804,-78.269
359,-66.869,-76.586,-79.224,-73.512,-79.527,-72.51,-73.837,-89.392,-75.054,-66.567,-73.677,-75.673,-80.081,-74.092
