"Angle",3300,3350,3400,3450,3500,3550,3575,3600,3625,3650,3675,3700,3750,3800
0,-69.49,-69.481,-68.344,-66.81,-68.044,-68.704,-67.303,-66.859,-65.393,-74.254,-71.955,-73.495,-73.777,-77.531
1,-72.279,-77.142,-68.003,-69.996,-71.812,-71.833,-70.402,-69.615,-64.61,-74.931,-72.882,-78.813,-73.943,-76.113
2,-75.533,-72.971,-72.077,-68.46,-74.097,-73.042,-77.559,-68.842,-66.622,-78.203,-80.781,-76.758,-72.484,-70.451
3,-73.464,-72.229,-71.048,-69.42,-77.229,-78.857,-82.273,-71.808,-65.775,-77.613,-78.396,-74.663,-73.529,-69.805
4,-72.414,-67.684,-71.122,-74.017,-73.465,-76.28,-79.779,-73.529,-66.846,-73.799,-75.13,-74.127,-72.341,-66.737
5,-71.336,-68.814,-72.031,-73.78,-73.998,-80.759,-78.628,-74.722,-67.042,-77.207,-72.742,-74.067,-70.945,-65.73
6,-70.298,-69.609,-69.918,-71.462,-76.145,-73.842,-77.091,-74.805,-68.752,-75.481,-72.409,-72.633,-70.546,-65.155
7,-67.632,-65.506,-71.101,-72.703,-74.564,-71.836,-74.947,-90.757,-70.445,-75.851,-70.885,-71.286,-71.628,-64.414
8,-67.225,-64.523,-71.423,-74.246,-73.398,-71.112,-72.811,-82.706,-70.664,-73.507,-69.953,-70.613,-69.4,-64.233
9,-66.93,-63.836,-71.718,-71.406,-71.974,-69.721,-72.245,-86.155,-73.038,-75.288,-71.303,-70.893,-70.959,-63.882
10,-66.141,-66.913,-71.271,-69.367,-72.44,-70.274,-70.495,-83.608,-74.405,-73.502,-71.286,-72.065,-72.71,-62.761
11,-66.738,-65.96,-70.368,-74.872,-70.642,-70.783,-73.523,-87.782,-81.53,-80.757,-73.204,-71.041,-69.568,-63.224
12,-69.317,-71.884,-70.836,-71.465,-72.594,-68.881,-73.05,-79.369,-75.896,-77.718,-71.992,-74.606,-71.901,-62.279
13,-68.6,-68.5,-73.095,-73.017,-71.929,-68.604,-72.819,-79.601,-74.676,-75.261,-71.372,-71.599,-70.387,-62.842
14,-69.438,-69.847,-72.503,-71.872,-71.63,-70.499,-75.39,-71.453,-75.833,-75.31,-73.68,-72.583,-69.605,-62.813
15,-74.882,-80.207,-74.67,-71.337,-70.203,-71.501,-75.641,-70.603,-69.037,-74.19,-70.212,-72.787,-68.637,-62.694
16,-73.829,-89.085,-76.745,-74.459,-71.438,-71.655,-74.49,-67.576,-66.432,-71.299,-68.627,-71.819,-68.367,-63.586
17,-86.338,-77.662,-79.924,-79.033,-70.822,-73.671,-76,-68.913,-65.528,-69.589,-68.349,-71.088,-67.359,-63.351
18,-85.607,-74.14,-78.962,-75.902,-70.056,-76.032,-70.073,-67.358,-63.148,-69.677,-66.735,-71.563,-65.453,-63.954
19,-80.309,-66.686,-77.864,-78.142,-69.323,-83.081,-71.176,-66.782,-62.826,-65.946,-66.928,-71.52,-68.01,-63.881
20,-75.75,-66.699,-78.837,-79.538,-72.026,-87.194,-71.079,-65.628,-62.386,-66.517,-66.407,-69.918,-65.568,-65.158
21,-75.774,-66.823,-74.871,-80.796,-69.299,-76.977,-75.109,-64.007,-61.958,-65.772,-65.736,-70.729,-65.32,-65.883
22,-72.656,-66.632,-73.28,-75.226,-70.087,-74.721,-71.069,-64.591,-61.009,-66.949,-65.776,-68.652,-65.324,-67.581
23,-70.825,-65.09,-68.262,-75.295,-67.115,-73.194,-71.121,-64.545,-60.625,-65.06,-65.573,-68.366,-64.277,-68.404
24,-67.893,-64.561,-69.132,-76.823,-67.706,-69.657,-67.204,-64.772,-60.902,-64.417,-64.4,-68.222,-65.571,-68.401
25,-68.784,-64.339,-68.384,-77.609,-69.519,-67.833,-67.953,-64.213,-60.441,-67.828,-65.267,-69.294,-64.993,-70.388
26,-67.586,-67.066,-67.479,-74.393,-67.852,-66.503,-67.616,-64.997,-60.064,-65.12,-64.444,-68.421,-66.113,-67.488
27,-67.618,-68.438,-66.689,-74.554,-66.984,-64.94,-69.53,-65.391,-60.214,-65.697,-66.218,-67.987,-66.813,-68.158
28,-68.096,-66.351,-69.766,-79.028,-68.418,-65.579,-70.29,-66.918,-60.632,-64.374,-65.649,-68.041,-68.434,-67.944
29,-70.478,-68.006,-69.783,-76.117,-67.968,-66.009,-66.268,-65.968,-61.583,-66.849,-65.461,-68.806,-70.904,-66.984
30,-68.996,-68.071,-69.169,-74.782,-67.728,-65.979,-69.175,-67.787,-61.919,-65.36,-65.332,-67.432,-72.732,-65.4
31,-71.823,-72.098,-71.227,-73.936,-68.387,-65.59,-67.836,-70.365,-62.352,-63.917,-65.631,-67.628,-74.211,-65.095
32,-75.232,-73.743,-73.112,-68.445,-69.393,-67.346,-70.775,-74.889,-62.996,-65.677,-66.172,-67.722,-73.662,-65.343
33,-77.139,-69.331,-73.42,-74.743,-69.282,-66.618,-68.487,-76.139,-63.776,-64.032,-66.537,-67.459,-74.759,-65.529
34,-77.184,-76.392,-72.298,-68.002,-66.838,-67.71,-71.1,-80.787,-64.763,-66.562,-65.563,-68.37,-73.89,-68.466
35,-73.637,-71.755,-71.07,-69.726,-68.882,-68.516,-69.743,-86.161,-64.919,-65.758,-64.78,-67.182,-73.087,-68.56
36,-73.072,-70.937,-71.867,-68.947,-69.914,-68.937,-71.288,-78.947,-67.08,-64.775,-65.075,-67.09,-70.796,-70.023
37,-74.029,-69.878,-69.484,-66.882,-68.537,-68.973,-73.883,-78.461,-68.117,-64.692,-64.809,-66.118,-72.457,-76.286
38,-69.697,-68.864,-69.344,-66.012,-70.671,-67.713,-69.179,-73.576,-69.731,-64.544,-64.66,-66.151,-68.251,-113.311
39,-69.762,-67.475,-68.772,-65.163,-68.033,-68.238,-70.852,-72.793,-67.923,-64.115,-63.285,-64.143,-66.33,-89.161
40,-68.882,-68.096,-68.701,-66.03,-70.661,-66.919,-65.765,-74.299,-71.544,-64.191,-62.55,-64.111,-65.896,-70.875
41,-66.349,-66.699,-65.061,-65.452,-70.609,-65.455,-65.691,-72.87,-68.894,-61.99,-61.308,-63.264,-63.974,-68.748
42,-65.486,-64.518,-65.189,-64.846,-72.34,-65.962,-66.824,-73.15,-68.093,-61.421,-60.532,-62.588,-63.391,-65.301
43,-65.364,-63.744,-65.465,-63.013,-71.35,-66.117,-66.028,-73.463,-66.955,-61.804,-60.081,-62.427,-61.636,-64.449
44,-64.886,-65.528,-64.479,-63.496,-72.283,-64.83,-66.462,-70.183,-65.594,-61.052,-59.961,-62.052,-61.827,-63.737
45,-63.45,-63.45,-64.708,-63.944,-72.716,-64.65,-66.532,-69.518,-63.816,-59.489,-59.695,-61.88,-61.168,-63.085
46,-63.011,-64.785,-64.703,-64.357,-70.709,-66.188,-65.031,-67.959,-62.238,-59.852,-59.836,-61.646,-60.572,-62.134
47,-62.193,-67.474,-64.746,-65.148,-68.08,-65.327,-65.554,-66.28,-61.613,-59.362,-59.18,-62.154,-59.793,-62.19
48,-62.647,-65.508,-64.626,-64.053,-68.852,-65.854,-64.379,-65.058,-60.156,-59.12,-59.893,-61.169,-60.259,-62.76
49,-62.317,-67.73,-65.333,-64.774,-68.285,-65.571,-63.831,-62.751,-59.876,-59.951,-59.918,-61.499,-60.588,-62.066
50,-63.876,-65.445,-65.429,-63.399,-68.866,-65.882,-62.804,-62.908,-59.827,-58.669,-59.619,-61.398,-60.955,-63.848
51,-64.581,-65.698,-65.247,-63.993,-69.881,-64.829,-62.846,-61.764,-59.773,-59.742,-59.506,-62.358,-61.099,-64.02
52,-64.946,-67.236,-64.072,-63.503,-71.452,-64.237,-62.658,-60.552,-58.811,-59.716,-60.097,-61.817,-61.331,-65.271
53,-66.046,-65.402,-63.79,-63.289,-71.112,-63.698,-61.184,-60.45,-59.072,-59.762,-59.803,-62.383,-62.945,-65.348
54,-64.541,-65.396,-62.515,-62.106,-70.387,-62.356,-61.882,-60.695,-58.805,-60.668,-60.692,-63.079,-62.597,-65.945
55,-65.355,-62.938,-63.289,-61.58,-68.921,-62.992,-62.211,-60.105,-58.792,-60.382,-60.719,-62.5,-62.312,-64.736
56,-64.197,-64.58,-62.58,-61.114,-70.627,-61.477,-61.392,-61.006,-58.428,-59.8,-61.201,-63.917,-62.106,-63.797
57,-63.761,-61.854,-62.182,-61.24,-69.105,-61.642,-61.061,-60.675,-57.916,-58.762,-60.734,-62.839,-62.145,-63.661
58,-62.493,-61.755,-61.718,-60.067,-68.447,-61.551,-60.247,-60.206,-58.05,-60.471,-60.013,-62.226,-61.218,-62.379
59,-62.119,-61.83,-61.441,-60.789,-69.925,-60.815,-61.683,-60.764,-57.702,-60.355,-59.362,-62.313,-62.143,-62.636
60,-60.596,-61.327,-60.543,-60.424,-70.161,-61.367,-59.961,-59.975,-57.481,-59.762,-59.246,-61.159,-60.862,-62.236
61,-59.995,-60.674,-60.125,-60.449,-68.176,-60.336,-59.872,-59.378,-57.181,-59.61,-58.604,-60.921,-60.991,-62.274
62,-59.586,-59.315,-59.309,-60.4,-66.498,-60.741,-60.751,-58.875,-56.691,-59.353,-58.111,-59.596,-61.058,-61.455
63,-59.276,-59.169,-59.176,-61.208,-66.945,-59.983,-59.5,-58.518,-55.964,-58.631,-57.946,-59.906,-60.985,-62.001
64,-58.512,-58.852,-58.559,-60.276,-64.515,-59.439,-59.116,-58.031,-55.201,-57.617,-57.876,-59.763,-60.608,-62.616
65,-58.178,-58.711,-58.213,-60.196,-63.135,-59.478,-60.295,-57.915,-55.199,-57.976,-57.28,-59.447,-60.932,-61.772
66,-57.616,-56.655,-57.603,-59.564,-63.711,-58.479,-58.534,-56.93,-54.585,-58.113,-56.976,-59.424,-60.142,-61.644
67,-57.227,-57.339,-57.483,-59.883,-62.676,-57.98,-57.195,-56.784,-54.555,-57.582,-57.285,-59.168,-58.976,-62.02
68,-57.444,-56.54,-56.594,-59.224,-62.716,-57.336,-57.451,-55.655,-54.295,-57.604,-56.953,-58.926,-59.622,-62.285
69,-57.104,-55.584,-57.18,-58.395,-61.269,-56.657,-57.381,-55.535,-54.038,-56.857,-56.841,-59.463,-58.898,-61.856
70,-56.447,-55.461,-56.245,-58.711,-61.153,-56.243,-56.185,-55.599,-54.17,-57.377,-56.779,-58.902,-58.832,-61.72
71,-56.032,-55.34,-55.365,-57.198,-60.256,-55.746,-56.268,-55.614,-53.938,-56.622,-56.776,-58.559,-57.908,-61.077
72,-55.48,-54.448,-55.442,-57.345,-60.784,-55.43,-55.716,-55.967,-54.211,-56.452,-57.132,-57.904,-58.771,-61.682
73,-55.238,-54.193,-54.946,-56.256,-59.898,-55.486,-56.477,-55.379,-54.223,-56.004,-56.239,-57.831,-58.704,-61.202
74,-54.834,-52.943,-54.731,-55.95,-58.526,-55.212,-55.652,-55.498,-53.988,-56.612,-55.98,-57.8,-58.488,-63.225
75,-53.883,-53.609,-53.848,-56.082,-57.817,-54.886,-55.245,-55.077,-53.677,-55.506,-55.671,-58.025,-59.166,-62.347
76,-53.658,-52.786,-53.368,-55.615,-57.877,-54.659,-55.451,-54.926,-53.321,-55.234,-55.734,-57.877,-59.444,-62.499
77,-52.992,-52.324,-53.092,-54.815,-57.653,-54.491,-54.979,-54.995,-53.026,-55.967,-55.775,-58.34,-59.303,-62.509
78,-52.16,-51.815,-52.777,-54.752,-56.966,-54.499,-54.381,-54.672,-52.932,-56.174,-55.513,-58.831,-60.045,-62.517
79,-51.888,-50.895,-52.55,-54.883,-56.984,-54.173,-54.764,-53.833,-52.364,-55.74,-55.419,-58.193,-59.482,-61.867
80,-50.882,-51.245,-52.1,-54.361,-56.799,-53.95,-54.535,-53.888,-52.186,-54.909,-55.557,-58.353,-58.569,-61.402
81,-50.366,-50.771,-52.101,-53.987,-56.718,-53.466,-54.922,-53.434,-51.71,-56.264,-55.242,-57.572,-58.419,-59.934
82,-50.138,-50.019,-51.636,-53.597,-55.893,-53.578,-54.712,-52.889,-51.477,-55.395,-55.246,-57.3,-57.498,-59.373
83,-49.827,-49.59,-51.465,-52.939,-55.695,-53.02,-54.056,-52.582,-51.321,-55.071,-55.019,-56.999,-57.033,-58.213
84,-49.612,-48.963,-50.995,-52.315,-54.96,-52.813,-53.257,-52.461,-51.07,-54.849,-54.435,-56.581,-55.947,-57.7
85,-49.184,-48.492,-50.588,-51.805,-54.613,-52.303,-52.597,-51.881,-50.902,-54.354,-54.445,-56.327,-55.101,-57.512
86,-48.873,-48.666,-50.057,-51.099,-54.069,-52.034,-52.211,-51.438,-50.563,-53.453,-53.886,-55.49,-54.958,-56.612
87,-48.711,-48.23,-49.703,-50.224,-53.575,-51.724,-51.753,-51.001,-50.259,-53.212,-53.394,-54.959,-54.077,-55.24
88,-48.464,-47.911,-49.149,-50.067,-53.465,-51.124,-51.177,-50.705,-49.988,-53.49,-52.694,-54.427,-53.928,-54.777
89,-48.001,-47.948,-48.522,-49.236,-52.824,-50.425,-50.855,-50.265,-49.574,-52.184,-52.288,-53.998,-53.129,-53.797
90,-47.724,-47.35,-47.85,-48.825,-52.639,-50.154,-49.97,-49.992,-48.911,-52.255,-52.061,-53.532,-52.656,-53.319
91,-47.294,-46.937,-47.569,-48.432,-52.06,-49.496,-49.584,-49.588,-48.256,-51.24,-51.513,-52.835,-52.461,-53.182
92,-47.07,-46.357,-46.927,-47.978,-51.615,-49.013,-49.574,-49.185,-47.879,-50.848,-50.989,-53.058,-52.296,-52.365
93,-46.494,-45.9,-46.479,-47.305,-51.301,-48.455,-48.874,-48.864,-47.498,-50.821,-50.566,-52.441,-51.535,-51.646
94,-45.891,-45.209,-46.014,-47.316,-51.011,-48.06,-48.842,-48.504,-47.025,-50.413,-50.085,-52.271,-51.385,-51.354
95,-45.772,-44.809,-45.482,-46.679,-50.558,-47.684,-48.349,-48.511,-46.769,-50.952,-50.016,-52.05,-50.844,-50.851
96,-45.07,-44.572,-44.999,-46.305,-50.349,-47.459,-48.542,-48.019,-46.477,-50.228,-49.425,-51.686,-50.548,-50.635
97,-44.53,-43.988,-44.624,-45.925,-49.998,-46.935,-47.646,-47.811,-46.257,-49.945,-49.322,-51.442,-50.098,-49.964
98,-44.211,-43.556,-44.277,-45.697,-49.486,-46.672,-47.832,-47.511,-46.112,-50.052,-49.354,-51.26,-49.819,-49.577
99,-43.915,-43.376,-43.756,-45.528,-49.107,-46.241,-47.142,-47.121,-45.918,-49.671,-48.839,-51.058,-49.548,-49.209
100,-43.43,-42.924,-43.687,-44.846,-48.848,-46.097,-47.431,-47.004,-45.606,-49.299,-48.791,-50.686,-49.225,-48.813
101,-43.108,-42.357,-43.323,-44.571,-48.639,-45.713,-47.029,-46.897,-45.484,-48.752,-48.539,-50.487,-49.104,-48.473
102,-42.77,-42.018,-43.009,-44.328,-48.232,-45.61,-46.859,-46.439,-45.226,-48.523,-48.204,-50.226,-48.483,-48.153
103,-42.307,-41.65,-42.663,-44.248,-47.953,-45.262,-46.3,-46.329,-44.916,-48.345,-47.862,-49.873,-48.007,-47.771
104,-41.974,-41.483,-42.318,-43.766,-47.809,-45.178,-46.194,-46.091,-44.604,-48.204,-47.517,-49.655,-47.602,-47.456
105,-41.513,-41.214,-42.077,-43.601,-47.653,-44.974,-46.235,-45.614,-44.256,-47.76,-47.069,-49.25,-47.426,-46.975
106,-41.255,-40.89,-41.765,-43.314,-47.507,-44.669,-45.544,-45.3,-43.932,-47.345,-46.774,-48.855,-47.101,-46.596
107,-40.898,-40.646,-41.447,-43.115,-47.004,-44.368,-45.336,-44.989,-43.477,-47.25,-46.436,-48.519,-46.532,-46.18
108,-40.683,-40.34,-41.203,-42.972,-46.716,-43.979,-44.978,-44.649,-43.276,-46.598,-46.218,-48.308,-46.069,-45.713
109,-40.198,-40.176,-40.908,-42.74,-46.533,-43.602,-44.691,-44.203,-42.945,-46.404,-46.04,-47.96,-45.613,-45.347
110,-39.924,-39.86,-40.591,-42.513,-46.394,-43.34,-44.096,-44.022,-42.649,-46.242,-45.626,-47.448,-45.419,-45.089
111,-39.646,-39.609,-40.259,-41.965,-46.133,-42.988,-43.883,-43.605,-42.323,-45.903,-45.334,-47.046,-45.042,-44.79
112,-39.468,-39.36,-40.071,-41.83,-45.873,-42.558,-43.526,-43.309,-42.089,-45.706,-44.832,-46.65,-44.683,-44.239
113,-39.294,-39.01,-39.803,-41.593,-45.445,-42.241,-43.293,-43.005,-41.746,-45.579,-44.491,-46.205,-44.253,-43.926
114,-39.071,-38.723,-39.465,-41.318,-45.077,-41.748,-42.961,-42.662,-41.44,-44.93,-44.048,-45.861,-43.808,-43.539
115,-38.81,-38.494,-39.242,-41.055,-44.71,-41.393,-42.476,-42.485,-41.205,-44.423,-43.65,-45.57,-43.647,-43.081
116,-38.627,-38.167,-38.993,-40.704,-44.253,-41.171,-42.123,-42.131,-40.817,-44.037,-43.216,-45.143,-43.33,-42.727
117,-38.414,-38.001,-38.679,-40.552,-43.933,-40.731,-41.813,-41.735,-40.513,-43.674,-42.817,-44.798,-42.903,-42.322
118,-38.089,-37.519,-38.306,-40.275,-43.527,-40.374,-41.649,-41.413,-40.049,-43.442,-42.401,-44.481,-42.393,-41.986
119,-37.821,-37.35,-38.142,-40.009,-43.104,-40.065,-41.523,-41.208,-39.804,-42.994,-41.998,-44.212,-42.219,-41.686
120,-37.559,-37.166,-37.791,-39.718,-42.839,-39.828,-40.952,-40.823,-39.511,-42.566,-41.716,-43.724,-41.745,-41.204
121,-37.25,-36.777,-37.55,-39.494,-42.582,-39.602,-40.714,-40.584,-39.071,-42.141,-41.231,-43.503,-41.446,-40.789
122,-36.893,-36.473,-37.153,-39.196,-42.159,-39.241,-40.262,-40.168,-38.683,-41.822,-40.968,-43.185,-40.914,-40.548
123,-36.613,-36.298,-37.04,-38.927,-41.942,-38.949,-39.957,-39.909,-38.275,-41.546,-40.466,-42.689,-40.61,-40.277
124,-36.366,-35.984,-36.75,-38.536,-41.606,-38.71,-39.551,-39.589,-37.909,-41.253,-40.259,-42.507,-40.214,-39.761
125,-36.054,-35.85,-36.382,-38.369,-41.314,-38.307,-39.213,-39.19,-37.62,-40.886,-39.872,-42.095,-39.867,-39.571
126,-35.968,-35.485,-36.256,-38.137,-40.932,-38.106,-39.032,-38.878,-37.263,-40.524,-39.631,-41.751,-39.472,-39.091
127,-35.62,-35.275,-35.919,-37.825,-40.642,-37.796,-38.723,-38.613,-36.955,-40.299,-39.275,-41.333,-39.175,-38.836
128,-35.529,-35.031,-35.675,-37.585,-40.359,-37.476,-38.414,-38.325,-36.67,-39.941,-38.973,-41.013,-38.719,-38.456
129,-35.284,-34.75,-35.435,-37.38,-40.107,-37.286,-38.177,-37.904,-36.38,-39.684,-38.478,-40.718,-38.442,-38.195
130,-35.088,-34.597,-35.174,-37.237,-39.665,-36.938,-37.707,-37.561,-36.024,-39.198,-38.071,-40.293,-38.131,-37.768
131,-34.796,-34.311,-34.957,-36.971,-39.412,-36.66,-37.471,-37.297,-35.721,-39.004,-37.907,-39.917,-37.81,-37.457
132,-34.555,-34.03,-34.724,-36.702,-39.153,-36.428,-37.143,-37.027,-35.504,-38.626,-37.539,-39.588,-37.391,-37.247
133,-34.303,-33.835,-34.433,-36.431,-38.866,-36.212,-36.965,-36.79,-35.156,-38.271,-37.281,-39.301,-37.175,-36.891
134,-34.106,-33.635,-34.202,-36.192,-38.651,-35.925,-36.553,-36.488,-34.884,-37.977,-36.83,-38.907,-36.822,-36.541
135,-33.949,-33.364,-33.968,-35.976,-38.238,-35.666,-36.327,-36.229,-34.588,-37.699,-36.661,-38.67,-36.521,-36.309
136,-33.613,-33.108,-33.795,-35.74,-37.968,-35.478,-36.073,-35.884,-34.285,-37.369,-36.353,-38.402,-36.243,-36.105
137,-33.476,-32.843,-33.614,-35.438,-37.663,-35.2,-35.777,-35.56,-33.947,-37.076,-36.042,-38.034,-35.868,-35.839
138,-33.295,-32.77,-33.317,-35.15,-37.402,-34.961,-35.575,-35.292,-33.734,-36.786,-35.645,-37.713,-35.671,-35.498
139,-33.109,-32.414,-33.198,-34.886,-37.192,-34.693,-35.278,-35.003,-33.497,-36.534,-35.449,-37.459,-35.399,-35.203
140,-32.923,-32.293,-32.895,-34.638,-36.96,-34.53,-35.106,-34.763,-33.194,-36.219,-35.262,-37.199,-35.155,-34.991
141,-32.735,-32.082,-32.766,-34.46,-36.767,-34.37,-34.869,-34.524,-33.013,-35.945,-34.989,-36.91,-34.868,-34.757
142,-32.483,-31.961,-32.508,-34.203,-36.415,-34.11,-34.69,-34.261,-32.738,-35.768,-34.737,-36.644,-34.628,-34.476
143,-32.326,-31.685,-32.421,-34.029,-36.232,-33.942,-34.532,-34.093,-32.523,-35.533,-34.533,-36.328,-34.419,-34.391
144,-32.14,-31.476,-32.162,-33.785,-36.003,-33.811,-34.319,-33.872,-32.278,-35.283,-34.308,-36.08,-34.166,-34.117
145,-31.982,-31.278,-31.862,-33.604,-35.847,-33.528,-34.027,-33.609,-32.148,-35.015,-34.04,-35.841,-33.927,-33.888
146,-31.741,-31.106,-31.785,-33.425,-35.577,-33.332,-33.806,-33.474,-31.856,-34.769,-33.847,-35.696,-33.834,-33.659
147,-31.607,-30.917,-31.576,-33.277,-35.484,-33.084,-33.746,-33.256,-31.792,-34.611,-33.639,-35.34,-33.604,-33.466
148,-31.43,-30.609,-31.365,-33.042,-35.316,-32.986,-33.659,-33.145,-31.632,-34.421,-33.465,-35.138,-33.369,-33.309
149,-31.192,-30.602,-31.299,-32.871,-35.036,-32.84,-33.462,-32.936,-31.394,-34.127,-33.305,-34.971,-33.163,-33.093
150,-30.978,-30.391,-31.097,-32.796,-34.987,-32.718,-33.308,-32.759,-31.27,-33.983,-33.141,-34.834,-33.048,-33
151,-30.856,-30.208,-30.869,-32.685,-34.772,-32.523,-33.213,-32.665,-31.093,-33.865,-32.997,-34.617,-32.843,-32.901
152,-30.741,-30.06,-30.858,-32.526,-34.683,-32.439,-33.166,-32.498,-30.959,-33.65,-32.841,-34.447,-32.717,-32.679
153,-30.57,-29.886,-30.716,-32.393,-34.534,-32.388,-33.009,-32.367,-30.823,-33.529,-32.683,-34.307,-32.629,-32.659
154,-30.452,-29.795,-30.613,-32.233,-34.407,-32.266,-32.982,-32.229,-30.667,-33.479,-32.52,-34.202,-32.488,-32.488
155,-30.223,-29.73,-30.533,-32.203,-34.368,-32.184,-32.936,-32.198,-30.584,-33.372,-32.495,-34.101,-32.339,-32.395
156,-30.178,-29.484,-30.406,-32.109,-34.304,-32.048,-32.743,-32.146,-30.45,-33.213,-32.36,-33.946,-32.33,-32.296
157,-29.971,-29.398,-30.291,-32.013,-34.225,-31.938,-32.771,-31.991,-30.417,-33.084,-32.315,-33.874,-32.146,-32.218
158,-29.891,-29.273,-30.132,-31.827,-34.261,-31.935,-32.6,-31.954,-30.274,-33.141,-32.156,-33.836,-32.114,-32.243
159,-29.692,-29.14,-30.147,-31.774,-34.059,-31.86,-32.614,-31.881,-30.215,-33.18,-32.066,-33.754,-32.007,-32.212
160,-29.674,-29.046,-29.968,-31.729,-34.059,-31.798,-32.525,-31.863,-30.147,-32.977,-31.916,-33.677,-32.003,-32.194
161,-29.578,-28.961,-29.809,-31.531,-33.98,-31.707,-32.495,-31.9,-30.126,-32.924,-31.821,-33.632,-31.982,-32.125
162,-29.348,-28.847,-29.716,-31.46,-33.855,-31.645,-32.305,-31.729,-30.016,-32.862,-31.659,-33.57,-31.79,-32.004
163,-29.323,-28.706,-29.6,-31.294,-33.778,-31.604,-32.25,-31.838,-29.982,-32.846,-31.613,-33.555,-31.723,-32.065
164,-29.218,-28.508,-29.504,-31.222,-33.711,-31.427,-32.095,-31.652,-29.864,-32.846,-31.484,-33.444,-31.743,-32.048
165,-29.096,-28.483,-29.309,-31.142,-33.649,-31.348,-31.915,-31.637,-29.799,-32.724,-31.346,-33.433,-31.631,-31.914
166,-28.982,-28.451,-29.185,-30.957,-33.564,-31.192,-31.838,-31.559,-29.639,-32.645,-31.143,-33.424,-31.68,-31.932
167,-28.852,-28.22,-29.036,-30.733,-33.38,-31.083,-31.721,-31.536,-29.536,-32.66,-31.03,-33.184,-31.518,-31.828
168,-28.782,-28.066,-28.994,-30.679,-33.282,-30.997,-31.527,-31.433,-29.431,-32.534,-30.939,-33.183,-31.46,-31.757
169,-28.697,-27.983,-28.83,-30.571,-33.104,-30.846,-31.378,-31.242,-29.312,-32.526,-30.772,-33.009,-31.331,-31.632
170,-28.614,-27.807,-28.729,-30.362,-33.049,-30.606,-31.117,-31.205,-29.262,-32.329,-30.711,-32.986,-31.161,-31.474
171,-28.433,-27.644,-28.544,-30.326,-32.814,-30.438,-31.012,-31.011,-29.068,-32.224,-30.591,-32.868,-31.187,-31.34
172,-28.381,-27.585,-28.4,-30.107,-32.624,-30.298,-30.77,-30.849,-28.945,-32.089,-30.452,-32.713,-31.026,-31.245
173,-28.262,-27.494,-28.364,-29.981,-32.494,-30.099,-30.765,-30.697,-28.86,-31.989,-30.333,-32.606,-30.825,-31.199
174,-28.209,-27.326,-28.205,-29.834,-32.381,-30.042,-30.652,-30.452,-28.728,-32.017,-30.231,-32.472,-30.727,-31.078
175,-28.076,-27.375,-28.175,-29.746,-32.175,-29.841,-30.38,-30.247,-28.595,-31.686,-30.131,-32.342,-30.71,-30.888
176,-27.97,-27.151,-28.112,-29.651,-32.084,-29.67,-30.266,-30.182,-28.549,-31.567,-30.099,-32.122,-30.606,-30.723
177,-28.024,-27.176,-27.983,-29.543,-32.032,-29.604,-30.211,-29.931,-28.43,-31.424,-30.028,-32.078,-30.468,-30.625
178,-27.931,-27.06,-27.927,-29.477,-31.823,-29.483,-30.027,-29.958,-28.304,-31.324,-29.968,-31.947,-30.299,-30.61
179,-27.828,-27.026,-27.862,-29.447,-31.786,-29.383,-30.041,-29.709,-28.295,-31.293,-29.906,-31.914,-30.224,-30.517
180,-27.927,-26.9,-27.855,-29.328,-31.721,-29.303,-29.993,-29.524,-28.153,-31.129,-29.895,-31.813,-30.197,-30.413
181,-27.763,-26.98,-27.691,-29.268,-31.659,-29.274,-29.86,-29.453,-28.101,-31.016,-29.918,-31.696,-30.091,-30.383
182,-27.85,-26.883,-27.777,-29.338,-31.632,-29.255,-29.934,-29.436,-28.14,-30.893,-29.918,-31.619,-30.137,-30.402
183,-27.741,-26.938,-27.793,-29.231,-31.684,-29.238,-29.986,-29.361,-28.066,-30.873,-29.945,-31.644,-30.052,-30.305
184,-27.771,-26.981,-27.735,-29.282,-31.7,-29.225,-29.893,-29.384,-28.085,-30.866,-29.909,-31.621,-30.009,-30.316
185,-27.82,-27.056,-27.641,-29.298,-31.749,-29.324,-30,-29.333,-28.114,-30.722,-29.939,-31.645,-30.019,-30.332
186,-27.829,-26.999,-27.724,-29.337,-31.791,-29.345,-30.031,-29.339,-28.162,-30.864,-29.965,-31.551,-30.043,-30.387
187,-27.899,-26.985,-27.834,-29.3,-31.805,-29.4,-30.141,-29.374,-28.121,-30.717,-30.059,-31.608,-30.012,-30.439
188,-27.829,-26.988,-27.697,-29.34,-31.777,-29.442,-30.196,-29.48,-28.226,-30.822,-30.05,-31.552,-30.052,-30.44
189,-28.022,-27.093,-27.824,-29.421,-31.91,-29.544,-30.294,-29.528,-28.282,-30.824,-30.07,-31.645,-30.128,-30.495
190,-27.887,-27.178,-27.933,-29.417,-31.917,-29.645,-30.389,-29.589,-28.29,-30.897,-30.115,-31.747,-30.113,-30.573
191,-28.083,-27.234,-27.933,-29.402,-31.943,-29.624,-30.587,-29.69,-28.512,-30.96,-30.166,-31.785,-30.187,-30.616
192,-28.199,-27.335,-27.985,-29.53,-32.11,-29.753,-30.648,-29.775,-28.495,-30.934,-30.268,-31.869,-30.25,-30.656
193,-28.318,-27.398,-28.053,-29.603,-32.137,-29.938,-30.636,-29.964,-28.564,-31.002,-30.334,-31.948,-30.273,-30.774
194,-28.381,-27.475,-28.069,-29.723,-32.175,-29.956,-30.796,-30.081,-28.554,-31.137,-30.345,-32.026,-30.413,-30.863
195,-28.496,-27.515,-28.245,-29.759,-32.306,-29.995,-30.841,-30.126,-28.665,-31.227,-30.294,-32.215,-30.466,-30.855
196,-28.528,-27.722,-28.321,-29.848,-32.391,-30.121,-30.907,-30.275,-28.743,-31.318,-30.376,-32.213,-30.603,-31.023
197,-28.655,-27.782,-28.384,-29.822,-32.472,-30.223,-31.105,-30.376,-28.852,-31.441,-30.443,-32.41,-30.675,-31.146
198,-28.843,-27.958,-28.592,-29.961,-32.538,-30.396,-31.146,-30.549,-28.873,-31.646,-30.474,-32.529,-30.8,-31.249
199,-28.978,-28.075,-28.657,-30.109,-32.649,-30.413,-31.199,-30.702,-29.044,-31.755,-30.546,-32.574,-30.881,-31.339
200,-29.092,-28.316,-28.836,-30.207,-32.832,-30.627,-31.331,-30.853,-29.099,-31.869,-30.604,-32.738,-31.103,-31.565
201,-29.311,-28.349,-29.008,-30.453,-32.936,-30.709,-31.346,-30.99,-29.192,-32.004,-30.708,-32.906,-31.32,-31.574
202,-29.447,-28.615,-29.203,-30.535,-33.086,-30.841,-31.445,-31.182,-29.268,-32.262,-30.753,-33.235,-31.465,-31.836
203,-29.722,-28.826,-29.416,-30.721,-33.326,-31.03,-31.577,-31.292,-29.394,-32.377,-30.836,-33.301,-31.617,-31.918
204,-29.89,-29.018,-29.741,-31.005,-33.426,-31.163,-31.674,-31.489,-29.472,-32.659,-30.999,-33.411,-31.837,-32.191
205,-30.092,-29.284,-29.871,-31.121,-33.665,-31.308,-31.852,-31.751,-29.71,-32.823,-31.071,-33.57,-32.085,-32.262
206,-30.245,-29.559,-30.223,-31.417,-33.886,-31.582,-32.135,-31.939,-29.85,-32.974,-31.344,-33.879,-32.28,-32.488
207,-30.481,-29.743,-30.396,-31.749,-34.144,-31.745,-32.247,-32.218,-30.03,-33.317,-31.496,-34.062,-32.526,-32.705
208,-30.652,-29.978,-30.693,-32.003,-34.372,-31.973,-32.454,-32.484,-30.324,-33.495,-31.777,-34.321,-32.796,-32.927
209,-30.861,-30.314,-30.951,-32.346,-34.656,-32.142,-32.637,-32.628,-30.478,-33.725,-32.037,-34.544,-33.01,-33.226
210,-31.105,-30.559,-31.168,-32.568,-34.902,-32.403,-32.81,-32.856,-30.751,-34.117,-32.227,-34.837,-33.337,-33.452
211,-31.292,-30.705,-31.502,-32.811,-35.169,-32.708,-33.053,-33.113,-31.081,-34.314,-32.584,-35.085,-33.673,-33.869
212,-31.492,-30.875,-31.77,-33.083,-35.535,-33.037,-33.29,-33.553,-31.313,-34.666,-32.898,-35.461,-33.969,-34.013
213,-31.717,-31.154,-32.009,-33.497,-35.877,-33.29,-33.658,-33.734,-31.634,-34.904,-33.231,-35.664,-34.279,-34.348
214,-31.851,-31.396,-32.314,-33.682,-36.225,-33.565,-33.962,-34.028,-32.053,-35.241,-33.654,-35.984,-34.685,-34.682
215,-32.106,-31.614,-32.531,-34.048,-36.601,-33.919,-34.182,-34.334,-32.379,-35.506,-33.918,-36.315,-34.944,-35.047
216,-32.233,-31.828,-32.816,-34.189,-36.825,-34.231,-34.481,-34.579,-32.727,-35.888,-34.526,-36.54,-35.265,-35.421
217,-32.5,-32,-33.063,-34.531,-37.14,-34.511,-34.845,-34.986,-33.181,-36.303,-34.845,-36.817,-35.603,-35.729
218,-32.665,-32.255,-33.266,-34.812,-37.342,-34.909,-35.124,-35.19,-33.552,-36.685,-35.238,-37.215,-35.872,-36.149
219,-32.847,-32.452,-33.449,-34.989,-37.689,-35.208,-35.538,-35.541,-33.862,-36.794,-35.735,-37.491,-36.26,-36.557
220,-33.006,-32.581,-33.699,-35.228,-37.893,-35.437,-35.883,-35.796,-34.289,-37.264,-36.213,-37.817,-36.544,-36.923
221,-33.148,-32.742,-33.881,-35.332,-38.283,-35.84,-36.134,-36.028,-34.682,-37.526,-36.689,-38.128,-36.824,-37.196
222,-33.424,-32.847,-34.037,-35.551,-38.498,-36.151,-36.417,-36.372,-34.929,-37.809,-37.057,-38.418,-37.187,-37.642
223,-33.49,-33.046,-34.168,-35.753,-38.74,-36.412,-36.624,-36.63,-35.353,-38.143,-37.488,-38.721,-37.509,-38.072
224,-33.709,-33.151,-34.293,-35.924,-38.975,-36.644,-37.094,-37.001,-35.691,-38.601,-38.012,-39.166,-37.738,-38.488
225,-33.783,-33.27,-34.375,-36.167,-39.104,-37.009,-37.24,-37.221,-35.977,-38.904,-38.315,-39.432,-38.078,-38.929
226,-33.923,-33.53,-34.667,-36.268,-39.255,-37.244,-37.659,-37.516,-36.344,-39.093,-38.721,-39.814,-38.623,-39.319
227,-34.148,-33.665,-34.63,-36.484,-39.48,-37.586,-37.964,-37.785,-36.62,-39.36,-39.114,-40.083,-38.895,-39.776
228,-34.252,-33.734,-34.73,-36.597,-39.568,-37.808,-38.275,-38.057,-36.951,-39.716,-39.466,-40.529,-39.341,-40.169
229,-34.374,-33.908,-34.804,-36.763,-39.648,-38.141,-38.708,-38.406,-37.284,-39.922,-39.812,-40.746,-39.648,-40.727
230,-34.509,-33.999,-35.032,-36.916,-39.849,-38.341,-38.95,-38.599,-37.569,-40.309,-40.105,-41.251,-40.202,-41.173
231,-34.594,-34.192,-35.191,-37.005,-39.798,-38.557,-39.381,-38.982,-37.877,-40.557,-40.313,-41.621,-40.605,-41.73
232,-34.774,-34.293,-35.265,-37.214,-40.02,-38.793,-39.769,-39.234,-38.222,-40.817,-40.647,-41.948,-41.052,-42.259
233,-34.985,-34.481,-35.356,-37.355,-40.064,-39.054,-40.082,-39.416,-38.476,-41.213,-40.977,-42.304,-41.501,-42.878
234,-35.124,-34.693,-35.589,-37.621,-40.214,-39.231,-40.638,-39.763,-38.833,-41.739,-41.252,-42.772,-41.941,-43.383
235,-35.376,-34.886,-35.742,-37.7,-40.468,-39.419,-40.764,-40.022,-39.055,-42.107,-41.457,-43.228,-42.526,-44.037
236,-35.46,-35.043,-35.921,-37.946,-40.602,-39.679,-41.366,-40.379,-39.428,-42.38,-41.919,-43.709,-42.912,-44.634
237,-35.767,-35.299,-36.239,-38.158,-40.786,-39.951,-41.57,-40.77,-39.659,-42.821,-42.316,-44.132,-43.542,-45.273
238,-35.917,-35.579,-36.429,-38.388,-41.078,-40.129,-41.955,-40.904,-40.012,-43.238,-42.456,-44.637,-44.082,-45.856
239,-36.298,-35.768,-36.697,-38.684,-41.489,-40.347,-42.305,-41.263,-40.306,-43.583,-42.863,-45.027,-44.758,-46.503
240,-36.435,-35.989,-36.822,-39.03,-41.647,-40.58,-42.804,-41.656,-40.567,-43.945,-43.088,-45.58,-45.339,-47.078
241,-36.56,-36.367,-37.222,-39.243,-42.055,-40.829,-42.892,-42.131,-40.963,-44.435,-43.405,-46.091,-45.89,-47.9
242,-36.86,-36.413,-37.369,-39.592,-42.358,-41.093,-43.233,-42.31,-41.269,-44.891,-43.948,-46.607,-46.38,-48.49
243,-37.122,-36.809,-37.743,-39.922,-42.589,-41.447,-43.655,-42.756,-41.724,-45.507,-44.177,-47.138,-47.047,-49.493
244,-37.181,-37.08,-38.134,-40.269,-42.925,-41.605,-43.926,-43.03,-42.06,-45.902,-44.676,-47.558,-47.557,-50.265
245,-37.4,-37.462,-38.472,-40.787,-43.322,-41.958,-44.371,-43.528,-42.41,-46.052,-45.142,-48.174,-48.467,-50.882
246,-37.775,-37.601,-38.691,-41.003,-43.765,-42.351,-44.518,-43.739,-42.733,-46.893,-45.439,-48.888,-48.862,-51.769
247,-37.852,-37.798,-39.044,-41.39,-44.115,-42.653,-44.988,-44.126,-43.107,-47.36,-46.004,-49.524,-49.727,-52.36
248,-38.102,-38.175,-39.353,-41.648,-44.466,-42.935,-45.276,-44.465,-43.399,-47.712,-46.601,-49.99,-50.5,-52.973
249,-38.305,-38.46,-39.764,-42.074,-44.992,-43.322,-45.236,-44.833,-43.758,-47.932,-46.816,-50.625,-51.167,-53.451
250,-38.61,-38.694,-40.054,-42.323,-45.417,-43.693,-45.992,-45.004,-44.079,-48.278,-47.41,-51.302,-52.028,-54.449
251,-38.772,-38.932,-40.325,-42.782,-45.925,-44.216,-46.462,-45.455,-44.318,-48.846,-47.76,-51.796,-52.888,-54.768
252,-39.076,-39.12,-40.683,-42.982,-46.41,-44.633,-47.009,-45.853,-44.562,-49.389,-48.391,-52.649,-53.294,-55.193
253,-39.367,-39.563,-41.108,-43.643,-46.93,-45.16,-47.493,-46.346,-44.932,-49.463,-48.768,-53.157,-54.68,-56.27
254,-39.641,-39.812,-41.305,-43.807,-47.331,-45.732,-48.172,-46.948,-45.555,-49.582,-49.302,-53.584,-55.212,-57.195
255,-39.937,-40.246,-41.593,-44.157,-47.971,-46.197,-48.699,-47.394,-46.177,-49.858,-49.706,-54.028,-56.435,-57.819
256,-40.313,-40.475,-41.925,-44.518,-48.31,-46.618,-49.12,-48.047,-46.551,-50.828,-50.152,-54.964,-56.734,-57.866
257,-40.65,-40.886,-42.453,-44.884,-48.751,-47.12,-49.898,-48.774,-47.131,-50.865,-50.858,-55.884,-57.183,-58.419
258,-41.072,-41.4,-42.587,-45.296,-49.332,-47.627,-50.423,-49.609,-47.844,-51.379,-51.225,-56.221,-57.592,-57.864
259,-41.454,-41.883,-43.068,-45.814,-50.294,-48.381,-50.623,-50.004,-48.618,-51.77,-52.13,-56.827,-58.405,-57.435
260,-41.839,-42.171,-43.389,-46.086,-50.474,-48.783,-51.767,-50.687,-49.432,-52.877,-51.987,-57.855,-58.57,-56.689
261,-42.252,-42.556,-43.891,-46.806,-51.094,-49.089,-52.133,-51.281,-49.731,-53.448,-52.856,-58.162,-58.039,-55.656
262,-42.798,-43.219,-44.267,-46.964,-51.629,-49.732,-52.491,-51.811,-50.688,-53.733,-53.497,-58.865,-58.318,-55.275
263,-43.289,-43.467,-44.867,-47.461,-51.939,-50.149,-52.906,-52.258,-51.068,-54.715,-53.627,-59.768,-57.978,-55.038
264,-43.603,-44.115,-45.278,-47.905,-52.886,-50.826,-53.646,-53.076,-51.702,-54.837,-54.279,-59.749,-58.301,-54.929
265,-44.158,-44.782,-45.844,-48.38,-53.314,-51.652,-55.125,-53.956,-52.315,-54.865,-54.997,-60.441,-58.067,-54.859
266,-44.83,-45.228,-46.381,-48.562,-54.001,-52.171,-54.428,-54.568,-53.095,-55.631,-55.392,-60.766,-59.476,-54.504
267,-45.371,-45.431,-47.163,-49.478,-54.489,-53.609,-55.969,-55.457,-53.749,-55.735,-55.672,-61.288,-58.496,-54.606
268,-45.907,-46.376,-47.685,-49.994,-55.119,-54.329,-57.137,-56.471,-54.793,-56.596,-56.589,-60.512,-58.681,-54.202
269,-46.548,-47.025,-48.327,-50.66,-55.595,-55.379,-57.938,-57.834,-56.179,-57.153,-57.327,-62.076,-58.891,-54.608
270,-47.264,-47.601,-49.115,-51.437,-56.592,-56.621,-60.309,-58.576,-57.771,-59.088,-58.739,-63.097,-59.102,-54.73
271,-47.678,-48.078,-49.668,-52.719,-56.694,-57.72,-61.782,-60.415,-59.387,-59.146,-59.014,-63.191,-59.357,-54.483
272,-48.455,-49,-50.523,-53.516,-57.581,-58.883,-62.544,-62.234,-62.137,-62.414,-60.534,-63.474,-59.09,-54.613
273,-48.89,-49.245,-51.302,-54.691,-58.443,-60.058,-62.683,-65.887,-64.657,-63.47,-61.777,-63.939,-59.785,-54.928
274,-49.288,-50.159,-52.171,-55.546,-58.639,-61.197,-63.325,-67.917,-69.713,-65.103,-63.216,-64.347,-58.901,-54.5
275,-49.838,-50.603,-53.075,-55.989,-58.962,-60.885,-62.161,-72.444,-69.018,-64.753,-63.428,-63.828,-59.397,-54.582
276,-50.605,-51.914,-53.464,-57.532,-59.608,-61.546,-62.85,-73.841,-68.9,-66.669,-63.991,-63.3,-58.67,-54.85
277,-50.703,-52.353,-54.13,-58.218,-60.065,-61.484,-61.647,-75.572,-65.363,-69.966,-64.416,-63.181,-58.3,-54.647
278,-51.088,-53.085,-54.798,-58.948,-60.674,-60.767,-61.344,-72.363,-64.243,-68.488,-64.982,-62.149,-58.16,-55.009
279,-51.91,-53.814,-55.524,-60.073,-61.416,-61.226,-60.103,-69.159,-63.495,-68.258,-63.684,-61.931,-58.282,-54.746
280,-52.22,-54.914,-55.944,-61.383,-63.428,-60.672,-60.748,-66.923,-62.826,-66.987,-63.311,-61.608,-58.587,-55.283
281,-52.804,-54.802,-56.694,-61.377,-63.485,-61.353,-61.236,-66.817,-62.449,-64.461,-62.765,-61.335,-58.552,-55.549
282,-53.11,-54.944,-57.396,-62.544,-66.045,-61.865,-59.854,-66.513,-62.203,-66.741,-63.307,-61.467,-58.402,-56.287
283,-54.045,-56.817,-58.134,-62.205,-66.628,-62.348,-60.483,-66.381,-62.008,-65.723,-62.474,-62.345,-58.649,-56.121
284,-54.661,-56.681,-59.094,-65.098,-66.153,-63.352,-60.856,-66.461,-62.706,-67.575,-62.988,-62.365,-58.843,-56.298
285,-55.485,-56.508,-59.797,-65.143,-67.564,-63.314,-59.475,-65.308,-61.52,-67.466,-63.27,-62.753,-59.566,-57.369
286,-56.143,-57.824,-60.514,-66.696,-69.999,-63.472,-59.925,-65.152,-62.344,-67.992,-64.665,-62.489,-59.525,-57.433
287,-56.827,-58.931,-61.657,-69.361,-68.248,-63.523,-60.463,-64.581,-62.211,-67.675,-64.02,-65.625,-61.112,-58.301
288,-57.896,-59.274,-63.108,-71.264,-66.841,-63.777,-59.708,-63.972,-62.456,-66.681,-65.127,-63.809,-60.847,-58.269
289,-57.683,-61.323,-62.145,-73.929,-67.8,-63.185,-61.308,-63.337,-62.188,-67.682,-65.097,-65.166,-60.481,-58.65
290,-58.581,-60.12,-63.219,-72.343,-72.261,-63.428,-61.274,-63.109,-61.353,-67.397,-65.436,-64.371,-61.487,-59.233
291,-58.657,-60.834,-63.717,-69.836,-69.672,-63.227,-60.339,-62.452,-61.539,-65.215,-64.52,-65.411,-61.485,-59.484
292,-58.955,-60.866,-63.463,-72.383,-72.81,-62.438,-60.197,-61.444,-60.291,-64.254,-65.498,-64.371,-61,-59.38
293,-59.222,-61.787,-63.103,-70.158,-73.002,-62.465,-60.4,-61.569,-60.022,-66.066,-63.306,-63.672,-62.507,-59.706
294,-58.892,-61.98,-64.264,-69.718,-75.033,-61.794,-60.349,-61.277,-59.996,-64.635,-63.02,-64.086,-61.68,-59.958
295,-59.115,-61.177,-65.143,-69.115,-77.035,-61.795,-60.388,-61.313,-60.036,-63.724,-62.129,-64.374,-62.879,-59.946
296,-59.408,-61.813,-65.2,-69.319,-76.402,-62.158,-60.36,-60.698,-59.278,-64.468,-62.302,-63.617,-61.841,-59.723
297,-59.36,-61.193,-65.292,-66.171,-75.419,-62.342,-60.909,-60.848,-59.682,-64.02,-61.269,-63.068,-62.823,-59.102
298,-60.022,-62.097,-65.745,-68.337,-71.738,-62.945,-60.593,-61.667,-59.977,-62.417,-61.891,-63.088,-62.119,-59.364
299,-59.325,-61.728,-67.893,-66.517,-77.439,-63.357,-61.68,-62.383,-59.6,-63.329,-61.552,-62.936,-61.934,-59.531
300,-60.966,-60.81,-67.613,-70.467,-78.246,-65.436,-63.941,-62.874,-60.404,-63.306,-62.001,-63.319,-62.324,-59.487
301,-61.298,-61.556,-68.225,-71.319,-76.22,-64.585,-62.195,-65.335,-62.444,-63.692,-62.053,-62.909,-62.043,-60.158
302,-61.48,-62.584,-69.534,-76.092,-74.955,-67.129,-64.337,-64.947,-62.596,-64.366,-63.087,-63.742,-62.481,-59.995
303,-62.189,-62.686,-70.865,-76.503,-88.948,-66.771,-68.149,-68.43,-65.202,-67.382,-62.954,-64.133,-63.939,-60.926
304,-62.106,-62.892,-74.681,-81.427,-83.743,-66.758,-66.239,-69.068,-66.455,-67.251,-64.473,-63.886,-63.028,-61.45
305,-64,-65.637,-73.795,-81.968,-78.417,-69.424,-65.925,-67.716,-67.835,-68.254,-64.742,-64.476,-63.309,-62.418
306,-64.112,-65.146,-79.43,-77.969,-80.007,-72.195,-71.624,-69.237,-70.777,-68.039,-65.606,-65.226,-63.738,-62.649
307,-65.015,-65.764,-82.248,-77.485,-73.471,-71.331,-68.981,-69.175,-67.498,-71.01,-66.14,-65.115,-62.091,-63.405
308,-67.454,-69.235,-82.046,-74.549,-72.344,-75.178,-69.072,-66.687,-66.289,-71.68,-65.796,-65.752,-62.113,-63.941
309,-66.96,-68.241,-80.225,-77.572,-73.359,-75.546,-68.878,-66.25,-64.454,-71.035,-65.377,-65.926,-61.513,-63.648
310,-70.396,-67.261,-74.663,-73.331,-69.962,-75.94,-66.32,-64.707,-63.015,-73.904,-65.918,-65.319,-59.701,-62.551
311,-70.625,-70.859,-74.695,-72.05,-69.263,-75.797,-64.313,-64.712,-62.061,-71.323,-65.83,-65.364,-60.784,-62.56
312,-73.862,-71.591,-70.416,-69.212,-70.759,-74.263,-63.039,-63.951,-61.103,-68.719,-66.467,-65.669,-60.248,-62.195
313,-75.412,-69.823,-70.272,-68.114,-69.22,-76.281,-63.783,-63.103,-60.171,-68.732,-65.711,-65.173,-60.681,-61.801
314,-73.608,-69.168,-68.187,-65.6,-72.131,-72.304,-61.721,-62.701,-59.66,-67.264,-66.902,-66.251,-60.172,-61.687
315,-73.847,-70.85,-70.839,-67.614,-68.912,-68.857,-62.841,-62.093,-58.862,-65.642,-65.166,-66.103,-60.602,-61.405
316,-76.474,-69.339,-65.989,-68.66,-69.581,-70.76,-61.622,-60.946,-57.827,-67.642,-65.311,-66.476,-60.871,-61.992
317,-81.007,-68.688,-67.013,-66.822,-71.476,-69.486,-62.816,-60.51,-57.673,-68.009,-64.916,-67.036,-61.2,-62.36
318,-82.156,-70.761,-68.225,-66.436,-70.824,-67.899,-61.751,-60.428,-57.123,-63.882,-63.945,-68.196,-62.556,-62.605
319,-80.119,-70.68,-67.969,-68.036,-73.249,-69,-62.305,-59.543,-56.933,-63.64,-64.343,-64.486,-64.119,-62.275
320,-81.319,-70.931,-69.004,-69.114,-73.252,-69.66,-61.813,-59.845,-56.783,-63.309,-63.468,-67.514,-62.332,-62.852
321,-77.151,-69.943,-73.074,-69.988,-77.923,-70.519,-63.993,-59.863,-56.221,-63.72,-62.289,-66.603,-63.332,-62.667
322,-75.615,-77.59,-74.403,-69.873,-89.731,-70.847,-64.269,-59.907,-56.807,-63.153,-63.436,-65.948,-62.735,-62.329
323,-75.605,-76.038,-73.44,-68.282,-77.821,-72.829,-64.673,-61.143,-57.219,-61.838,-63.003,-67.963,-62.704,-62.058
324,-73.157,-75.971,-73.325,-68.743,-79.204,-77.122,-65.404,-61.261,-57.756,-62.935,-62.312,-66.439,-61.68,-62.288
325,-70.167,-78.64,-82.24,-69.168,-77.151,-81.041,-68.963,-63.407,-58.706,-63.249,-63.03,-66.525,-62.357,-61.183
326,-70.001,-80.091,-72.169,-70.905,-75.167,-83.932,-70.397,-64.109,-59.592,-63.015,-62.287,-66.516,-61.988,-60.235
327,-70.205,-77.066,-72.331,-71.616,-72.185,-73.069,-71.833,-65.424,-60.844,-66.404,-63.726,-65.918,-61.944,-59.89
328,-69.672,-73.513,-72.904,-68.53,-70.609,-71.402,-77.498,-67.256,-61.839,-64.727,-63.827,-65.577,-61.173,-59.089
329,-67.308,-73.02,-68.414,-67.667,-70.395,-68.564,-87.252,-68.904,-63.118,-63.535,-63.345,-64.819,-61.67,-58.549
330,-69.98,-81.874,-66.841,-68.115,-66.902,-68.073,-75.108,-70.634,-63.162,-65.302,-62.698,-64.957,-62.017,-58.119
331,-66.988,-73.989,-66.78,-65.324,-67.386,-65.377,-71.82,-68.683,-62.803,-63.153,-62.543,-64.833,-60.764,-58.088
332,-68.85,-72.243,-67.035,-64.601,-66.604,-65.537,-66.974,-66.77,-62.515,-64.093,-63.44,-64.537,-62.011,-57.76
333,-69.092,-74.786,-65.487,-64.422,-65.683,-64.564,-69.142,-64.977,-61.705,-63.566,-62.935,-64.053,-61.988,-57.48
334,-67.165,-72.878,-65.521,-63.923,-65.206,-63.295,-65.475,-64.595,-60.387,-63.036,-62.713,-63.361,-61.583,-58.131
335,-69.654,-73.591,-64.181,-63.292,-65.302,-63.279,-66.903,-63.211,-60.214,-62.91,-63.112,-63.719,-61.901,-58.426
336,-68.369,-74.591,-65.203,-61.781,-65.978,-62.958,-64.143,-63.659,-60.248,-62.171,-63.467,-64.147,-63.184,-58.612
337,-67.977,-73.933,-63.916,-64.294,-64.627,-64.236,-63.537,-62.397,-59.345,-62.963,-63.836,-65.056,-63.576,-59.39
338,-73.114,-89.523,-66.388,-64.041,-65.616,-63.998,-64.207,-62.53,-60.237,-63.416,-64.505,-65.369,-63.21,-60.572
339,-70.155,-79.842,-67.245,-63.544,-66.793,-64.381,-63.78,-62.273,-60.657,-62.588,-65.518,-64.792,-64.867,-61.397
340,-69.979,-74.96,-67.685,-65.545,-66.877,-65.815,-63.818,-62.329,-61.499,-62.83,-64.126,-66.901,-66.981,-62.571
341,-68.929,-73.041,-69.007,-65.418,-69.642,-67.601,-63.926,-62.67,-61.59,-65.361,-65.736,-67.327,-68.838,-64.41
342,-69.648,-69.133,-69.774,-71.261,-69.663,-71.978,-66.901,-63.215,-62.393,-64.013,-65.05,-68.106,-68.008,-66.847
343,-67.999,-70.73,-76.685,-69.111,-71.053,-76.044,-68.367,-63.664,-63.287,-65.635,-64.743,-70.2,-72.304,-69.851
344,-66.102,-66.101,-75.382,-74.019,-72.619,-79.178,-72.758,-66.082,-64.755,-66.855,-65.587,-69.053,-70.6,-68.237
345,-65.258,-66.817,-71.987,-78.731,-74.579,-76.541,-71.783,-68.16,-65.063,-66.416,-65.711,-68.73,-71.301,-70.24
346,-63.627,-67.534,-68.72,-75.395,-72.661,-76.503,-73.031,-69.331,-65.662,-64.799,-64.978,-68.681,-69.81,-66.995
347,-63.825,-63.203,-68.127,-67.866,-69.072,-70.027,-93.029,-68.681,-65.149,-66.982,-64.288,-68.706,-69.829,-64.595
348,-61.693,-63.23,-63.973,-66.203,-67.586,-68.912,-72.93,-70.754,-63.845,-67.297,-65.769,-68.081,-66.877,-63.605
349,-61.895,-63.158,-62.428,-64.766,-66.264,-66.332,-67.919,-70.221,-65.233,-69.006,-64.898,-65.783,-66.194,-62.382
350,-61.093,-61.695,-63.002,-63.383,-67.388,-65.66,-65.792,-68.957,-63.693,-66.491,-64.344,-65.538,-65.225,-61.552
351,-60.97,-61.885,-61.646,-63.334,-66.079,-64.337,-65.897,-68.22,-64.009,-67.226,-65.229,-64.896,-64.564,-60.262
352,-61.464,-61.471,-61.266,-60.97,-64.312,-65.442,-65.76,-68.363,-63.569,-65.537,-63.51,-64.863,-65.543,-61.599
353,-60.638,-63.804,-60.686,-63.137,-63.772,-64.054,-64.16,-66.451,-63.136,-64.069,-64.285,-64.802,-65.682,-61.315
354,-61.975,-62.436,-61.591,-61.528,-63.276,-63.763,-64.734,-66.221,-63.012,-63.797,-63.88,-65.02,-66.384,-61.918
355,-61.272,-65.192,-61.66,-62.536,-66.057,-63.677,-64.82,-65.968,-62.924,-64.853,-64.362,-65.776,-66.521,-62.954
356,-62.923,-66.749,-62.263,-61.646,-63.984,-63.731,-64.69,-66.252,-63.064,-65.39,-66.636,-66.919,-68.534,-64.332
357,-64.155,-66.674,-64.306,-62.439,-65.795,-65.325,-64.348,-64.966,-64.261,-70.207,-66.595,-65.528,-69.161,-65.703
358,-66.419,-68.29,-64.272,-63.913,-68.481,-66.089,-66.045,-65.128,-63.893,-67.787,-68.787,-68.453,-70.117,-69.319
359,-66.223,-69.968,-67.78,-64.145,-67.55,-65.408,-66.733,-67.845,-64.287,-72.339,-68.684,-69.851,-73.624,-72.612
