"Angle",3300,3350,3400,3450,3500,3550,3575,3600,3625,3650,3675,3700,3750,3800
0,-63.71,-68.432,-74.567,-87.5,-66.961,-69.824,-71.777,-77.636,-65.511,-67.473,-72.227,-73.718,-70.885,-69.828
1,-62.302,-68.312,-70.055,-63.899,-68.773,-71.294,-74.037,-78.185,-66.68,-69.484,-74.693,-79.776,-77.673,-69.169
2,-63.531,-68.472,-69.619,-72.127,-69.933,-78.491,-91.792,-81.353,-70.438,-71.613,-77.153,-82.273,-81.243,-71.328
3,-63.534,-66.134,-67.492,-69.104,-67.905,-74.99,-76.222,-96.311,-73.056,-70.96,-84.58,-83.024,-93.609,-71.257
4,-62.558,-66.586,-67.393,-68.08,-66.063,-74.664,-75.785,-89.624,-83.834,-68.043,-80.354,-82.759,-77.256,-74.774
5,-62.668,-65.712,-65.849,-69.748,-65.328,-75.723,-72.682,-77.519,-82.633,-76.207,-79.68,-83.154,-73.183,-72.649
6,-62.043,-65.109,-64.317,-72.263,-64.747,-70.064,-72.882,-71.983,-76.868,-68.47,-76.421,-76.581,-73.015,-71.329
7,-62.605,-64.15,-64.052,-70.044,-65.43,-70.107,-71.449,-72.71,-73.233,-72.726,-71.502,-72.648,-72.682,-70.979
8,-61.951,-64.902,-63.969,-70.086,-64.372,-70.352,-69.439,-69.417,-71.975,-81.691,-71.308,-72.787,-69.191,-67.969
9,-63.982,-64.695,-63.845,-68.449,-63.534,-71.248,-72.738,-71.934,-70.37,-72.747,-67.839,-72.379,-68.382,-67.51
10,-64.248,-63.554,-64.302,-66.847,-63.373,-67.961,-71.339,-72.206,-67.942,-67.463,-67.507,-68.485,-69.786,-66.193
11,-64.332,-64.486,-64.222,-72.242,-64.487,-68.698,-77.814,-70.836,-68.116,-71.064,-68.048,-69.876,-68.967,-65.851
12,-65.1,-65.016,-65.162,-73.06,-65.241,-70.354,-66.844,-75.065,-67.61,-65.843,-68.496,-70.688,-67.91,-65.553
13,-65.451,-64.967,-65.791,-68.145,-64.939,-71.062,-74.793,-71.736,-68.393,-69.923,-67.217,-70.186,-67.68,-65.852
14,-66.486,-64.748,-65.424,-68.172,-67.318,-70.069,-71.909,-74.067,-68.831,-71.095,-67.076,-70.615,-69.403,-65.897
15,-68.619,-64.907,-65.856,-66.518,-69.87,-73.653,-78.71,-75.702,-70.641,-69.082,-67.128,-70.56,-68.706,-66.145
16,-67.623,-64.575,-67.162,-65.064,-70.357,-76.872,-71.601,-76.02,-70.564,-72.359,-68.272,-71.76,-69.433,-66.544
17,-66.401,-63.174,-66.351,-75.848,-72.68,-84.73,-75.496,-75.401,-74.391,-70.166,-70.459,-72.127,-71.718,-68.38
18,-65.059,-63.557,-66.068,-64.073,-72.253,-89.036,-84.733,-75.344,-71.333,-71.756,-69.971,-72.914,-71.821,-68.864
19,-63.993,-62.061,-65.127,-63.925,-72.857,-78.958,-85.174,-71.563,-73.573,-70.019,-68.747,-75.038,-70.861,-70.524
20,-63.025,-61.287,-64.23,-71.611,-71.81,-78.698,-78.597,-72.02,-71.669,-71.251,-70.991,-78.517,-70.355,-70.929
21,-61.452,-60.788,-63.134,-62.651,-70.135,-71.039,-79.52,-71.591,-68.782,-68.378,-69.204,-74.092,-75.368,-73.154
22,-61.281,-59.539,-62.412,-62.906,-69.064,-70.967,-74.225,-73.917,-66.904,-71.083,-70.73,-75.61,-89.436,-75.393
23,-59.667,-59.558,-62.873,-64.258,-66.408,-71.06,-70.13,-70.642,-65.729,-66.084,-69.48,-74.499,-79.781,-77.693
24,-60.001,-59.499,-62.821,-62.822,-66.035,-72.47,-81.185,-71.281,-64.47,-65.21,-68.815,-76.915,-78.171,-74.644
25,-59.239,-60.363,-62.366,-61.284,-65.166,-71.621,-76.626,-69.604,-64.69,-74.331,-68.724,-80.144,-86.301,-78.807
26,-60.067,-60.421,-62.209,-61.453,-65.997,-74.823,-67.999,-68.792,-63.946,-71.876,-69.171,-78.5,-75.409,-73.4
27,-59.801,-60.175,-62.526,-65.107,-65.403,-74.881,-86.291,-66.762,-63.675,-67.712,-68.657,-75.798,-76.945,-75.899
28,-61.188,-60.503,-60.892,-60.407,-65.186,-78.182,-67.828,-69.448,-63.982,-67.77,-68.167,-74.699,-74.047,-71.78
29,-60.338,-60.259,-61.077,-60.22,-65.473,-79.057,-76.177,-68.057,-63.46,-67.147,-69.402,-75.839,-73.356,-71.253
30,-60.582,-60.566,-60.72,-63.112,-66.447,-79.561,-79.042,-67.453,-63.767,-66.128,-67.45,-73.07,-70.589,-73.099
31,-61.527,-59.947,-59.709,-62.12,-66.208,-74.965,-77.532,-69.25,-64.565,-65.687,-65.978,-68.678,-70.601,-73.62
32,-60.69,-60.011,-59.178,-62.874,-67.895,-74.328,-69.822,-69.958,-64.193,-65.633,-64.853,-69.202,-67.373,-74.467
33,-59.641,-58.589,-58.107,-58.406,-70.893,-70.557,-70.307,-72.493,-65.592,-66.37,-62.984,-66.11,-63.851,-70.068
34,-58.837,-57.988,-57.713,-60.511,-72.282,-68.238,-77.104,-76.627,-65.26,-64.388,-62.232,-65.373,-65.721,-70.141
35,-58.476,-56.9,-57.355,-58.633,-72.964,-67.485,-64.79,-76.395,-64.923,-63.196,-62.252,-64.4,-63.566,-68.07
36,-57.286,-56.603,-56.931,-59.966,-71.46,-65.895,-66.089,-80.03,-63.54,-69.132,-61.928,-63.607,-62.326,-66.398
37,-56.577,-56.012,-56.537,-59.511,-69.798,-65.968,-70.457,-85.612,-63.135,-59.914,-60.519,-62.361,-62.63,-64.678
38,-56.031,-55.48,-56.396,-59.491,-68.034,-64.324,-63.727,-75.129,-61.561,-62.673,-59.366,-61.698,-61.839,-66.072
39,-55.857,-55.003,-55.793,-59.402,-68.03,-63.497,-67.444,-70.638,-61.059,-60.21,-59.263,-61.071,-60.772,-63.891
40,-55.205,-54.801,-55.412,-58.02,-66.918,-62.562,-65.868,-70.176,-60.058,-58.997,-59.526,-61.493,-60.917,-63.364
41,-55.364,-54.466,-55.13,-58.588,-66.401,-62.192,-66.837,-69.421,-59.541,-58.011,-58.577,-60.358,-60.238,-62.672
42,-54.9,-54.489,-55.228,-58.649,-65.013,-61.815,-71.06,-66.01,-58.792,-59.437,-58.23,-60.927,-59.96,-62.95
43,-54.299,-54.508,-54.7,-58.984,-65.254,-61.776,-63.3,-64.083,-58.384,-59.687,-58.714,-60.433,-59.916,-61.277
44,-54.102,-54.111,-54.939,-58.116,-64.491,-60.733,-64.785,-63.73,-58.11,-59.188,-58.559,-60.523,-59.738,-61.306
45,-54.303,-54.459,-54.969,-57.332,-64.018,-61.747,-61.237,-63.57,-57.567,-58.447,-58.233,-60.47,-59.47,-60.648
46,-53.976,-53.785,-55.302,-59.135,-63.218,-61.163,-64.635,-63.019,-57.548,-57.231,-57.686,-59.714,-58.998,-60.632
47,-54.295,-54.106,-55.409,-57.449,-63.595,-60.422,-60.304,-62.523,-57.47,-56.876,-58.041,-59.487,-58.661,-60.031
48,-53.924,-54.103,-55.207,-58.954,-63.054,-60.372,-63.36,-61.206,-58.033,-59.896,-58.048,-59.789,-58.987,-60.062
49,-54.308,-53.905,-56.336,-58.693,-62.504,-60.052,-62.085,-61.34,-57.376,-57.072,-58.082,-59.654,-58.871,-59.493
50,-53.99,-54.19,-55.793,-58.975,-62.747,-59.323,-61.043,-61.699,-57.568,-58.579,-57.356,-59.648,-59.376,-59.119
51,-53.942,-53.88,-55.277,-58.115,-62.621,-58.741,-61.53,-60.13,-57.435,-57.777,-57.47,-58.95,-58.474,-59.49
52,-53.534,-53.781,-55.302,-57.522,-61.842,-57.877,-59.747,-60.483,-56.945,-57.299,-57.002,-59.181,-58.582,-59.92
53,-53.62,-53.535,-55.524,-59.007,-61.94,-58.053,-59.108,-59.531,-56.322,-57.879,-57.306,-58.632,-58.353,-59.266
54,-53.485,-53.396,-55.539,-56.632,-61.172,-57.671,-57.794,-60.074,-56.035,-56.661,-57.127,-58.643,-58.106,-59.86
55,-53.287,-53.763,-55.496,-55.404,-61.026,-57.622,-58.77,-59.399,-55.545,-57.874,-56.76,-58.159,-58.587,-60.491
56,-53.128,-53.234,-55.213,-58.983,-59.351,-57.046,-58.337,-59.303,-54.984,-57.271,-56.691,-58.076,-58.306,-60.102
57,-53.019,-52.731,-55.067,-56.593,-58.618,-56.491,-58.5,-58.349,-54.798,-57.331,-56.375,-58.29,-58.747,-59.955
58,-52.844,-52.811,-54.584,-56.929,-58.606,-56.417,-58.414,-58.338,-54.202,-57.054,-56.651,-57.991,-57.931,-59.36
59,-52.812,-52.8,-54.001,-55.377,-57.893,-56.346,-58.776,-58.638,-54.102,-55.699,-56.207,-58.484,-57.865,-58.836
60,-52.797,-52.503,-53.454,-54.312,-57.595,-55.932,-58.254,-58.806,-53.907,-56.815,-56.819,-58.275,-58.124,-57.957
61,-52.363,-52.519,-53.152,-53.999,-57.934,-55.694,-57.473,-58.048,-54.112,-56.5,-55.92,-58.669,-57.854,-57.904
62,-52.035,-52.363,-53.275,-56.69,-57.568,-55.509,-58.514,-57.94,-53.918,-57.436,-56.283,-58.463,-57.935,-57.021
63,-51.599,-52.091,-52.794,-56.156,-56.858,-55.612,-56.65,-57.539,-53.518,-58.339,-56.39,-58.338,-57.971,-56.759
64,-51.823,-51.931,-52.522,-55.38,-56.82,-55.279,-58.306,-57.806,-53.553,-58.421,-56.168,-58.383,-57.307,-56.239
65,-51.555,-51.797,-52.715,-55.634,-56.734,-55.179,-56.207,-57.368,-53.779,-57.319,-56.406,-58.568,-56.973,-56.02
66,-51.563,-51.471,-52.513,-53.99,-56.605,-54.954,-56.46,-57.43,-53.972,-58.78,-56.8,-58.684,-57.299,-56.05
67,-51.273,-51.475,-52.36,-55.243,-56.44,-54.679,-56.986,-57.305,-54.245,-56.34,-56.428,-58.822,-56.829,-55.78
68,-51.076,-51.5,-52.438,-54.899,-56.446,-54.783,-55.513,-57.599,-54.397,-56.771,-56.315,-58.17,-56.652,-55.775
69,-50.994,-51.162,-52.01,-54.677,-56.408,-55.073,-56.394,-57.49,-54.745,-57.015,-56.753,-57.738,-56.733,-55.655
70,-50.806,-50.982,-52.362,-54.374,-56.46,-55.179,-56.273,-57.364,-54.935,-57.579,-56.581,-58.289,-56.587,-55.905
71,-50.491,-50.867,-52.092,-54.547,-56.24,-54.718,-55.748,-57.635,-54.814,-58.324,-56.889,-57.836,-56.311,-55.418
72,-50.578,-50.636,-51.94,-53.67,-56.338,-54.815,-56.416,-57.711,-54.882,-59.66,-56.928,-57.773,-56.62,-55.556
73,-50.663,-50.786,-51.734,-53.199,-56.502,-54.954,-56.28,-57.656,-55.324,-58.632,-57.169,-57.705,-56.526,-55.809
74,-50.37,-50.807,-51.81,-54.049,-56.164,-55.067,-56.599,-57.867,-55.07,-57.11,-57.087,-57.759,-56.764,-55.002
75,-50.241,-50.46,-51.13,-54.296,-56.505,-55.072,-57.922,-58.649,-54.938,-58.698,-57.196,-57.303,-57.399,-55.026
76,-50.362,-50.604,-51.138,-54.528,-56.58,-54.934,-56.959,-59.112,-55.488,-59.513,-57.325,-58.357,-57.386,-55.029
77,-50.175,-50.291,-51.156,-54.733,-56.692,-54.827,-57.03,-58.212,-55.313,-58.068,-57.643,-58.322,-57.613,-54.387
78,-50.026,-50.428,-51.132,-55.006,-56.561,-55.281,-57.012,-59.165,-55.32,-58.857,-57.705,-58.293,-57.429,-54.463
79,-49.815,-50.063,-51.025,-53.892,-56.939,-55.306,-57.63,-60.685,-56.032,-58.471,-57.772,-58.882,-57.349,-54.704
80,-50,-50.091,-51.623,-55.759,-57.202,-55.794,-58.122,-61.271,-56.663,-59.922,-57.673,-58.637,-56.848,-54.202
81,-49.75,-50.274,-51.709,-55.227,-57.214,-56.039,-58.742,-60.747,-56.408,-59.597,-58.306,-58.869,-57.525,-54.807
82,-49.907,-50.365,-51.723,-54.844,-57.571,-56.208,-60.636,-60.979,-56.676,-58.919,-57.553,-59.098,-56.67,-54.911
83,-49.405,-50.223,-51.801,-55.526,-57.906,-56.015,-60.998,-60.933,-56.542,-59.195,-57.386,-58.326,-56.75,-54.98
84,-49.458,-50.229,-51.86,-55.647,-57.959,-56.261,-59.23,-61.356,-56.627,-59.704,-57.077,-58.624,-57.228,-55.525
85,-49.55,-50.65,-52.274,-56.197,-57.223,-56.842,-59.334,-60.444,-56.386,-59.681,-56.879,-58.648,-57.302,-55.062
86,-49.587,-50.901,-51.997,-55.879,-57.749,-57.092,-58.875,-60.97,-56.03,-57.989,-57.02,-58.227,-57.143,-55.147
87,-49.541,-50.813,-52.297,-56.186,-57.7,-57.286,-59.105,-60.248,-56.036,-58.322,-56.556,-57.757,-57.373,-55.078
88,-49.897,-50.923,-52.567,-56.331,-58.374,-57.42,-59.261,-59.494,-55.924,-59.135,-56.866,-58.301,-57.335,-55.032
89,-49.534,-51.191,-52.718,-56.257,-58.045,-57.38,-60.358,-60.128,-55.613,-57.226,-56.608,-58.339,-56.91,-54.894
90,-49.932,-51.17,-52.667,-58.72,-57.819,-57.575,-60.728,-60.063,-55.353,-58.071,-56.656,-58.206,-56.969,-54.772
91,-49.817,-51.381,-52.531,-56.2,-58.303,-57.176,-60.059,-59.936,-55.081,-57.719,-56.324,-58.364,-56.623,-54.752
92,-49.615,-51.583,-52.407,-55.801,-58.851,-57.378,-59.563,-60.094,-55.356,-57.774,-56.748,-58.209,-56.938,-54.292
93,-49.759,-51.446,-52.601,-55.523,-59.456,-57.33,-61.058,-60.611,-54.969,-57.931,-56.76,-58.368,-56.654,-54.224
94,-49.951,-51.515,-52.614,-57.292,-59.531,-57.974,-59.066,-60.23,-55.175,-59.472,-56.74,-58.597,-56.371,-54.165
95,-49.809,-51.43,-52.378,-56.573,-60.222,-57.605,-59.112,-61.037,-55.11,-58.773,-57.067,-58.346,-56.405,-54.51
96,-49.887,-51.597,-52.595,-55.969,-59.877,-57.263,-60.441,-60.99,-55.058,-58.834,-56.637,-58.219,-56.844,-54.363
97,-50.122,-51.672,-52.549,-54.865,-59.456,-57.33,-61.181,-61.785,-55.128,-58.498,-56.879,-58.183,-56.41,-54.463
98,-49.837,-51.426,-52.604,-58.314,-60.33,-57.678,-59.144,-61.792,-55.164,-59.566,-56.464,-57.962,-56.469,-54.444
99,-49.91,-51.741,-52.785,-56.998,-59.74,-57.41,-59.507,-61.188,-54.967,-58.91,-56.382,-58.092,-57.002,-54.254
100,-50.035,-51.704,-53.117,-57.229,-60.422,-57.874,-61.823,-61.367,-54.657,-57.856,-56.206,-58.647,-56.772,-54.888
101,-50.286,-51.601,-52.951,-57.176,-60.466,-57.969,-59.538,-61.399,-54.656,-59.879,-56.506,-58.571,-57.181,-54.592
102,-50.039,-51.528,-53.163,-59.48,-60.529,-58.198,-63.213,-61.657,-54.576,-58.181,-56.973,-58.728,-56.921,-54.407
103,-49.795,-51.39,-53.2,-56.232,-60.632,-58.327,-63.864,-61.61,-54.346,-58.035,-56.714,-59.515,-57.232,-54.414
104,-49.961,-51.377,-53.092,-58.102,-60.603,-59.066,-62.817,-61.313,-54.28,-56.954,-56.922,-60.054,-57.769,-54.808
105,-49.924,-51.398,-53.041,-58.68,-61.392,-59.014,-64.23,-61.533,-54.284,-59.139,-57.756,-60.247,-57.071,-54.612
106,-49.903,-51.441,-53.328,-58.835,-61.354,-60.232,-65.958,-61.957,-54.236,-58.74,-57.661,-60.929,-57.341,-54.871
107,-49.741,-51.284,-53.522,-58.968,-61.746,-60.763,-63.239,-62.27,-54.354,-60.741,-58.54,-63.326,-57.601,-55.081
108,-49.247,-51.108,-53.408,-59.356,-61.907,-61.274,-69.679,-61.568,-54.566,-58.467,-59.227,-62.218,-58.208,-55.274
109,-49.203,-51.24,-53.653,-58.248,-62.756,-61.808,-69.161,-62.453,-54.71,-58.376,-60.163,-63.724,-57.539,-55.8
110,-49.11,-51.057,-53.453,-57.785,-63.31,-61.518,-66.254,-62.394,-54.952,-60.265,-59.51,-62.985,-58.267,-55.961
111,-49.04,-51.24,-53.446,-57.475,-64.09,-61.564,-63.899,-62.673,-55.077,-60.374,-60.375,-64.396,-58.548,-56.773
112,-48.852,-50.965,-53.368,-56.876,-63.747,-61.713,-65.314,-62.618,-55.442,-58.94,-60.394,-64.257,-58.421,-57.101
113,-48.889,-51.196,-52.957,-57.692,-64.367,-61.833,-65.498,-61.059,-55.5,-63.312,-60.317,-64.873,-58.758,-57.5
114,-49.081,-51.447,-53.458,-56.52,-64.744,-61.778,-65.303,-62.169,-55.579,-60.976,-61.225,-65.287,-58.833,-57.911
115,-48.955,-51.257,-52.673,-56.115,-64.903,-60.66,-68.184,-60.888,-55.874,-64.297,-61.071,-64.886,-59.357,-57.805
116,-48.875,-51.547,-52.935,-55.234,-65.812,-60.573,-66.487,-62.191,-55.882,-61.65,-61.374,-64.544,-59.546,-58.134
117,-49.001,-51.145,-52.55,-55.492,-66.13,-60.902,-64.319,-61.805,-55.683,-63.104,-60.996,-64.524,-59.895,-57.79
118,-48.942,-51.193,-52.429,-55.432,-66.767,-60.413,-69.658,-61.234,-55.38,-61.18,-60.584,-63.18,-59.595,-57.245
119,-48.951,-50.977,-52.558,-55.161,-69.663,-59.698,-61.732,-61.673,-55.878,-60.714,-60.128,-63.295,-59.661,-56.758
120,-49.006,-50.762,-52.163,-56.099,-69.362,-58.981,-61.693,-61.254,-55.154,-59.805,-59.429,-63.287,-59.341,-56.331
121,-48.792,-50.636,-52.111,-55.868,-68.632,-58.204,-66.37,-60.35,-54.741,-58.6,-58.435,-62.39,-59.334,-55.673
122,-48.849,-50.662,-52.178,-55.931,-67.213,-57.716,-63.468,-60.366,-54.345,-57.796,-58.587,-62.778,-58.911,-55.109
123,-49.079,-50.61,-52.132,-55.132,-67.465,-57.044,-61.284,-60.104,-53.993,-56.847,-57.86,-61.783,-58.325,-55.021
124,-49.429,-50.684,-52.22,-56.603,-66.462,-56.238,-60.817,-59.317,-53.499,-55.292,-57.406,-62.228,-58.072,-54.378
125,-49.519,-50.722,-52.626,-54.331,-64.724,-56.271,-59.946,-58.367,-53.018,-55.534,-56.851,-60.16,-57.067,-54.051
126,-49.682,-50.854,-52.86,-56.491,-64.901,-56.688,-59.706,-58.246,-52.658,-56.458,-56.87,-60.818,-56.952,-53.578
127,-49.879,-51.063,-52.579,-55.353,-64.382,-56.412,-59.93,-58.171,-52.321,-55.506,-56.195,-59.81,-56.287,-53.399
128,-50.371,-51.622,-53.265,-55.592,-64.427,-56.206,-58.374,-57.356,-52.253,-54.351,-56.44,-59.879,-56.14,-52.801
129,-50.577,-51.825,-53.173,-56.452,-63.739,-55.989,-61.08,-56.679,-52.045,-55.118,-55.583,-59.16,-55.542,-53.036
130,-51.33,-52.405,-53.371,-56.571,-63.139,-56.221,-61.42,-56.518,-51.94,-54.732,-54.976,-58.647,-55.578,-52.821
131,-51.502,-52.526,-53.946,-55.598,-62.895,-55.781,-58.944,-56.69,-51.833,-54.652,-54.878,-58.168,-54.369,-52.66
132,-52.141,-53.485,-53.979,-57.087,-62.606,-55.996,-59.356,-56.575,-52.205,-55.155,-54.516,-58.363,-54.851,-52.183
133,-52.597,-54.246,-54.397,-58.418,-61.123,-55.757,-59.729,-56.414,-51.86,-54.3,-54.569,-57.349,-54.311,-52.401
134,-53.203,-54.719,-54.474,-57.737,-60.764,-55.147,-58.067,-56.256,-52.086,-54.03,-54.129,-56.616,-54.357,-52.144
135,-53.902,-54.975,-55.187,-57.95,-60.513,-55.448,-59.013,-55.96,-51.931,-54.909,-53.822,-56.855,-54.436,-51.947
136,-54.666,-56.077,-55.231,-60.286,-59.803,-54.964,-59.21,-55.579,-51.775,-53.254,-52.988,-56.24,-54.395,-52.032
137,-55.607,-56.63,-56.36,-59.808,-58.911,-55.722,-59.841,-55.83,-51.98,-53.94,-52.827,-56.226,-54.444,-51.898
138,-56.922,-56.966,-56.25,-61.511,-58.668,-55.943,-57.85,-55.11,-51.673,-53.416,-52.879,-56.412,-54.27,-51.773
139,-57.552,-57.654,-57.321,-61.965,-59.035,-56.074,-57.094,-55.554,-51.281,-54.052,-52.867,-56.308,-54.145,-51.762
140,-58.615,-58.271,-57.68,-61.363,-59.153,-56.805,-58.273,-55.687,-51.324,-52.86,-53.042,-56.656,-54.74,-51.763
141,-58.713,-58.323,-58.07,-63.489,-58.296,-56.936,-57.888,-55.647,-51.633,-53.536,-53.535,-56.864,-54.713,-51.923
142,-59.443,-58.673,-58.083,-60.606,-58.549,-57.265,-58.795,-55.58,-52.149,-54.236,-53.913,-57.52,-54.958,-52.443
143,-59.551,-58.176,-57.704,-59.503,-58.274,-57.604,-58.906,-55.726,-52.423,-54.327,-54.197,-57.942,-54.868,-52.386
144,-59.671,-57.527,-57.475,-59.347,-58.903,-58.062,-57.408,-56.201,-52.581,-54.264,-54.738,-58.286,-55.033,-52.462
145,-59.464,-57.432,-56.683,-57.865,-58.225,-58.29,-58.935,-56.064,-53.404,-56.245,-54.796,-59.027,-55.892,-53.193
146,-58.537,-56.891,-56.423,-56.106,-58.269,-57.369,-60.24,-56.947,-54.049,-56.009,-56,-59.562,-55.819,-53.243
147,-57.504,-55.967,-55.312,-55.076,-57.526,-58.887,-58.496,-57.389,-54.838,-55.896,-56.593,-59.289,-55.943,-53.793
148,-57.263,-55.505,-54.166,-55.793,-57.482,-59.232,-57.171,-57.753,-55.856,-59.74,-57.001,-61.07,-56.273,-53.718
149,-56.489,-54.962,-53.119,-53.431,-57.254,-59.849,-58.605,-58.304,-56.924,-58.434,-57.496,-61.925,-56.915,-53.983
150,-55.74,-54.483,-52.634,-54.012,-57.065,-60.443,-59.413,-60.368,-58.43,-60.486,-58.427,-62.475,-57.633,-54.725
151,-55.108,-53.74,-52.076,-52.319,-56.359,-61.784,-60.08,-61.298,-59.096,-62.762,-59.355,-63.534,-58.25,-54.471
152,-54.615,-53.538,-51.374,-51.029,-56.264,-62.124,-59.568,-63.113,-61.938,-61.946,-61.19,-65.443,-58.526,-54.699
153,-53.987,-53.059,-50.848,-50.499,-55.949,-62.296,-59.195,-65.376,-64.513,-66.425,-62.542,-68.012,-59.535,-55.312
154,-53.615,-53.07,-50.323,-49.394,-55.515,-62.349,-60.109,-68.063,-66.863,-64.051,-64.365,-69.873,-60.884,-55.385
155,-53.585,-52.694,-49.857,-49.452,-55.7,-62.777,-59.625,-72.509,-76.357,-64.529,-65.311,-72.34,-61.429,-55.194
156,-53.011,-52.538,-49.637,-49.204,-55.589,-62.069,-57.64,-80.711,-77.143,-64.115,-65.01,-71.351,-62.212,-55.557
157,-52.852,-52.516,-49.45,-49.362,-55.61,-61.726,-59.928,-87.618,-68.767,-64.745,-64.301,-66.533,-63.132,-55.232
158,-52.228,-52.353,-49.001,-49.434,-55.113,-62.192,-59.776,-78.329,-64.872,-62.522,-61.743,-65.022,-61.636,-55.265
159,-52.165,-52.143,-49.032,-49.359,-54.971,-61.07,-61.127,-70.45,-61.744,-59.862,-60.4,-64.233,-62.653,-55.067
160,-51.94,-52.144,-48.836,-49.425,-54.945,-60.913,-60.696,-65.105,-59.218,-57.783,-58.926,-61.777,-61.457,-54.944
161,-51.808,-51.974,-48.782,-49.3,-55.008,-60.75,-61.191,-64.493,-58.09,-55.565,-57.958,-60.543,-62.008,-54.723
162,-51.679,-51.754,-48.894,-49.309,-54.854,-60.506,-61.698,-62.384,-56.332,-55.536,-56.669,-59.119,-60.673,-54.695
163,-51.469,-51.826,-48.856,-49.118,-54.471,-59.762,-59.301,-61.034,-55.545,-54.055,-55.632,-58.427,-60.254,-54.228
164,-51.367,-51.195,-48.964,-49.545,-54.707,-60.038,-61.405,-60.052,-55.309,-55.12,-55.145,-57.664,-59.375,-54.278
165,-51.178,-51.206,-49.17,-49.666,-54.99,-59.658,-60.623,-58.203,-54.08,-53.241,-54.714,-56.905,-59.407,-54.07
166,-51.151,-51.128,-49.272,-49.943,-54.752,-59.644,-62.236,-57.456,-53.689,-54.016,-54.489,-56.844,-58.364,-53.611
167,-51.092,-50.727,-49.271,-49.537,-55.193,-59.88,-59.71,-56.587,-53.44,-52.164,-53.473,-56.299,-58.773,-53.646
168,-50.881,-50.622,-49.525,-49.834,-55.069,-59.678,-61.703,-56.644,-52.999,-52.832,-53.547,-55.931,-58.405,-53.713
169,-51.4,-50.734,-49.611,-49.675,-55.771,-59.318,-65.472,-55.913,-53.043,-53.393,-53.418,-55.569,-57.865,-53.183
170,-51.106,-50.702,-49.633,-50.664,-55.812,-60.104,-62.595,-55.787,-53.134,-52.104,-53.397,-55.549,-57.692,-53.065
171,-51.438,-50.302,-49.599,-50.123,-56.226,-59.857,-67.521,-55.694,-52.923,-52.573,-52.917,-55.535,-57.441,-52.845
172,-51.379,-50.1,-50.065,-50.557,-56.853,-60.113,-69.56,-55.323,-52.811,-51.862,-52.904,-55.39,-57.414,-52.6
173,-51.628,-50.068,-49.759,-50.739,-57.616,-60.056,-68.667,-54.938,-52.755,-51.901,-52.99,-55.784,-57.255,-52.411
174,-51.335,-49.951,-49.943,-51.005,-57.859,-60.504,-67.01,-54.952,-52.993,-51.921,-53.16,-55.408,-57.272,-52.562
175,-51.56,-49.78,-50.109,-50.033,-58.08,-60.593,-82.53,-54.536,-52.561,-52.364,-53.258,-55.672,-57.47,-52.503
176,-51.81,-49.772,-49.821,-50.676,-59.319,-60.709,-75.265,-54.409,-52.709,-51.719,-53.349,-56.094,-57.215,-52.225
177,-51.856,-49.61,-49.724,-50.354,-59.678,-61.494,-69.532,-54.405,-53.162,-52.001,-53.497,-56.174,-57.148,-52.46
178,-52.39,-49.806,-49.898,-50.138,-59.89,-61.607,-72.36,-54.422,-53.266,-52.496,-53.497,-56.316,-57.352,-52.486
179,-52.49,-49.602,-50.061,-50.876,-59.555,-61.597,-69.816,-54.205,-53.028,-52.253,-53.664,-56.571,-57.621,-52.355
180,-52.561,-49.773,-49.974,-51.13,-60.446,-61.779,-75.007,-54.518,-53.473,-52.245,-54.017,-56.739,-57.307,-52.599
181,-53.156,-49.786,-50.072,-51.442,-60.755,-62.956,-70.166,-54.3,-53.555,-53.198,-54.223,-57.085,-56.861,-52.434
182,-53.427,-50.025,-50.01,-51.6,-61.055,-63.369,-69.544,-54.271,-53.574,-52.009,-54.507,-57.139,-56.912,-52.748
183,-53.762,-50.565,-50.677,-52.841,-61.435,-62.843,-68.297,-54.805,-53.75,-52.272,-54.288,-57.168,-57.46,-52.525
184,-54.446,-50.79,-50.814,-52.129,-61.554,-63.108,-67.072,-54.971,-53.891,-52.577,-54.846,-57.42,-57.27,-52.806
185,-55.06,-51.042,-51.199,-53.251,-61.811,-63.115,-64.965,-55.035,-53.97,-51.943,-54.666,-57.634,-57.204,-53.109
186,-55.058,-51.666,-51.312,-53.54,-61.46,-62.364,-66.198,-55.892,-54.084,-52.158,-54.748,-57.745,-57.214,-52.874
187,-55.827,-51.926,-51.713,-54.315,-62.167,-62.037,-66.056,-56.368,-53.844,-52.296,-54.707,-57.333,-57.996,-53.094
188,-56.74,-52.337,-52.354,-53.425,-62.765,-62.685,-63.808,-56.741,-53.95,-52.298,-54.648,-57.34,-57.129,-53.254
189,-57.257,-53.02,-52.568,-55.203,-62.512,-62.566,-65.453,-57.065,-53.905,-52.912,-54.994,-57.526,-57.851,-53.201
190,-58.71,-53.492,-53.179,-55.493,-62.503,-61.184,-63.275,-57.552,-53.658,-52.768,-54.582,-57.805,-57.769,-53.371
191,-59.462,-54.376,-53.336,-52.861,-62.304,-60.786,-61.063,-57.709,-53.424,-53.339,-54.87,-57.454,-58.715,-53.097
192,-59.474,-54.6,-53.528,-53.197,-63.315,-60.06,-61.49,-58.509,-53.504,-53.718,-54.358,-56.962,-59.142,-52.943
193,-59.557,-55.026,-53.406,-54.762,-63.597,-60.033,-60.456,-59.3,-53.349,-54.311,-54.416,-57.171,-58.923,-52.765
194,-60.268,-54.979,-53.154,-52.949,-63.115,-59.958,-60.793,-59.718,-53.013,-53.395,-54.383,-56.614,-59.15,-52.695
195,-59.889,-55.086,-53.106,-52.924,-64.016,-59.692,-61.444,-59.37,-52.956,-54.289,-54.004,-56.994,-60.214,-52.829
196,-58.975,-54.729,-53.13,-52.677,-64.294,-59.212,-62.664,-60.483,-52.425,-54.764,-54.314,-56.786,-60.215,-52.41
197,-59.38,-54.602,-52.7,-52.166,-64.227,-58.826,-59.645,-59.125,-52.619,-54.937,-53.903,-56.644,-60.435,-52.353
198,-57.876,-54.278,-52.21,-52.446,-64.427,-58.821,-59.158,-59.118,-51.936,-55.285,-53.983,-56.909,-61.08,-52.181
199,-56.56,-53.516,-52.035,-51.534,-65.567,-58.564,-59.049,-58.11,-51.978,-54.78,-53.864,-56.647,-61.075,-52.304
200,-55.414,-52.684,-51.471,-51.056,-64.676,-58.601,-57.676,-58.14,-51.811,-56.504,-54.02,-56.387,-61.548,-51.866
201,-55.129,-52.351,-51.122,-51.666,-64.154,-58.875,-59.236,-57.884,-51.501,-55.038,-53.914,-56.85,-61.548,-52.314
202,-54.08,-51.444,-50.43,-52.662,-64.127,-58.219,-59.544,-57.347,-51.274,-56.272,-54.158,-56.409,-60.995,-51.84
203,-53.224,-50.775,-50.429,-50.884,-65.502,-58.649,-57.684,-56.551,-51.289,-57.755,-53.803,-56.67,-60.928,-52.115
204,-52.464,-50.607,-50.092,-51.233,-65.166,-58.168,-58.561,-56.81,-51.202,-56.499,-53.922,-56.962,-60.534,-52.247
205,-52.253,-49.87,-49.785,-50.7,-66.115,-58.379,-58.385,-56.852,-51.109,-57.703,-54.246,-57.125,-60.003,-52.566
206,-51.732,-49.574,-49.685,-50.659,-64.438,-57.554,-57.717,-56.533,-51.291,-58.274,-54.543,-57.436,-60.137,-52.655
207,-51.56,-49.328,-49.709,-50.548,-64.723,-58.218,-59.174,-56.801,-51.156,-56.369,-54.59,-57.494,-58.962,-52.965
208,-51.065,-49.056,-49.224,-51.146,-64.225,-57.98,-57.471,-56.714,-51.412,-55.715,-54.628,-57.609,-59.348,-53.29
209,-50.561,-48.673,-49.11,-50.614,-64.231,-58.129,-60.052,-56.557,-51.507,-59.086,-54.647,-57.779,-59.001,-53.473
210,-50.197,-48.582,-49.046,-50.197,-63.129,-57.64,-59.568,-56.61,-51.984,-57.628,-55.335,-58.584,-58.312,-54.402
211,-50.334,-48.371,-49.059,-50.952,-63.694,-57.941,-60.987,-56.527,-52.236,-57.349,-55.171,-57.928,-57.99,-54.712
212,-50.193,-48.228,-48.894,-50.907,-63.341,-57.162,-61.658,-56.802,-52.504,-57.906,-55.228,-58.762,-58.198,-55.192
213,-50.251,-48.144,-48.89,-50.541,-62.668,-57.618,-60.922,-56.912,-52.938,-59.841,-56.303,-59.102,-57.593,-55.325
214,-50.235,-48.285,-48.985,-50.702,-62.022,-56.944,-62.785,-56.873,-53.481,-57.959,-56.328,-59.673,-57.574,-55.596
215,-50.425,-48.352,-48.747,-51.639,-61.181,-56.963,-60.591,-57.773,-53.618,-58.759,-57.065,-59.951,-57.996,-56.465
216,-50.098,-48.218,-48.782,-52.136,-61.279,-56.609,-63.129,-56.873,-53.727,-56.522,-57.586,-59.843,-57.395,-56.949
217,-50.479,-48.251,-48.91,-52.589,-60.73,-56.539,-62.515,-56.527,-53.907,-58.531,-58.318,-60.429,-57.64,-57.52
218,-50.74,-48.398,-48.675,-51.385,-59.594,-56.53,-62.594,-56.418,-54.025,-59.065,-58.074,-60.485,-57.509,-57.232
219,-50.739,-48.573,-48.654,-52.181,-59.238,-56.656,-63.914,-55.968,-53.993,-57.905,-58.666,-60.048,-57.273,-57.508
220,-50.734,-48.486,-48.53,-52.529,-59.805,-56.418,-62.979,-55.648,-54.041,-57.327,-58.969,-60.417,-58.066,-57.443
221,-50.435,-48.521,-48.452,-51.686,-58.925,-56.473,-63.586,-55.731,-54.082,-58.091,-58.676,-59.228,-58.328,-57.309
222,-50.802,-48.247,-48.734,-52.015,-58.529,-55.984,-62.628,-55.32,-53.771,-56.853,-58.162,-59.068,-58.156,-56.782
223,-50.819,-48.345,-48.61,-52.438,-57.706,-55.97,-62.72,-54.941,-53.657,-56.814,-57.827,-58.979,-57.598,-56.562
224,-50.935,-48.287,-48.086,-51.686,-58.242,-55.465,-63.95,-54.704,-53.496,-56.344,-57.36,-58.398,-57.463,-56.408
225,-50.482,-48.183,-48.388,-51.538,-57.744,-55.281,-61.452,-54.362,-53.453,-57.036,-56.929,-57.726,-56.995,-55.656
226,-50.365,-48.208,-48.288,-52.585,-58.15,-54.919,-59.815,-54.562,-52.72,-55.564,-56.68,-56.902,-56.664,-55.203
227,-50.101,-48.013,-48.098,-52.623,-57.597,-54.663,-60.369,-54.423,-52.725,-55.924,-56.041,-57.296,-55.989,-54.775
228,-49.857,-47.804,-48.04,-51.689,-57.699,-53.958,-58.161,-54.227,-52.514,-55.233,-55.567,-56.524,-55.196,-54.296
229,-49.537,-47.617,-47.951,-51.618,-57.544,-53.747,-58.136,-54.26,-51.994,-53.871,-55.392,-55.793,-55.1,-53.973
230,-49.284,-47.461,-47.63,-52.447,-58.237,-53.455,-56.895,-53.776,-51.719,-54.201,-54.666,-55.932,-54.706,-53.495
231,-48.858,-47.279,-47.586,-51.311,-58.389,-53.447,-57.507,-53.551,-51.402,-54.81,-54.385,-55.907,-54.377,-53.198
232,-48.647,-47.292,-47.487,-51.863,-58.524,-52.691,-55.81,-53.063,-50.87,-53.524,-53.94,-55.419,-53.905,-52.801
233,-48.372,-47.045,-47.273,-52.031,-58.341,-52.306,-54.324,-53.054,-50.633,-54.177,-53.212,-54.988,-53.752,-52.875
234,-48.354,-46.916,-47.333,-50.397,-59.21,-52.329,-55.082,-52.496,-50.105,-52.068,-52.88,-54.964,-53.134,-52.403
235,-48.084,-46.715,-46.868,-50.894,-58.876,-51.904,-53.211,-52.593,-49.554,-53.188,-52.058,-54.777,-52.817,-52.164
236,-47.901,-46.639,-46.892,-49.107,-58.865,-51.77,-53.569,-52.179,-49.41,-52.61,-51.864,-54.451,-52.529,-52.27
237,-47.548,-46.426,-46.924,-49.438,-58.661,-51.67,-52.345,-51.846,-48.806,-51.43,-51.536,-54.155,-52.776,-51.92
238,-47.312,-46.263,-46.717,-49.738,-57.983,-51.367,-53.198,-51.629,-48.515,-50.589,-51.077,-53.667,-52.26,-51.809
239,-47.223,-46.116,-46.49,-49.369,-57.87,-51.435,-52.128,-51.738,-48.367,-51.265,-50.802,-53.259,-51.985,-51.801
240,-47.298,-45.928,-46.55,-48.91,-57.331,-50.994,-51.368,-51.561,-48.094,-51.634,-50.492,-53.027,-51.692,-51.718
241,-47.246,-45.945,-46.473,-48.303,-56.677,-50.989,-51.945,-51.493,-47.914,-50.743,-50.168,-52.55,-51.243,-51.647
242,-46.983,-45.9,-46.315,-48.877,-56.563,-50.626,-51.989,-51.359,-47.78,-50.818,-49.918,-52.208,-50.954,-51.52
243,-46.96,-46.008,-46.535,-48.253,-55.863,-50.569,-51.303,-51.372,-47.545,-50.204,-49.762,-52.293,-50.718,-51.421
244,-46.724,-45.996,-46.26,-48.435,-55.243,-50.5,-51.67,-51.327,-47.447,-50.371,-49.689,-51.871,-50.69,-51.353
245,-46.57,-45.873,-46.325,-48.096,-54.997,-50.4,-51.07,-51.047,-47.334,-50.793,-49.424,-51.914,-50.7,-51.205
246,-46.71,-45.888,-46.427,-48.463,-55.088,-50.076,-51.254,-51.141,-47.094,-50.798,-49.319,-51.507,-50.699,-50.982
247,-46.578,-45.955,-46.374,-48.208,-54.816,-50.047,-51.349,-50.993,-47.084,-49.918,-49.495,-51.476,-50.6,-51.418
248,-46.44,-45.896,-46.539,-47.618,-54.494,-50.181,-51.128,-50.907,-47.147,-50.979,-49.467,-51.377,-50.683,-51.299
249,-46.305,-45.858,-46.455,-48.043,-54.27,-50.169,-51.494,-50.996,-46.979,-49.595,-49.308,-51.148,-50.595,-51.361
250,-46.395,-46.008,-46.588,-47.879,-54.564,-49.962,-51.153,-50.928,-46.919,-50.305,-49.502,-51.304,-50.582,-51.506
251,-46.374,-45.863,-46.39,-48.523,-54.856,-50.304,-50.29,-50.92,-47.152,-50.298,-49.463,-51.271,-50.809,-51.436
252,-46.363,-45.799,-46.586,-47.916,-54.083,-50.165,-50.947,-51.087,-47.294,-50.193,-49.495,-51.352,-50.513,-51.599
253,-46.11,-45.899,-46.611,-48.072,-54.148,-50.203,-50.969,-51.194,-47.42,-50.518,-49.518,-51.936,-50.742,-51.787
254,-46.189,-45.903,-46.586,-47.699,-53.97,-50.471,-51.893,-51.531,-47.431,-50.706,-49.885,-51.69,-51.125,-52.03
255,-46.297,-45.844,-46.664,-47.526,-54.098,-50.855,-51.176,-51.348,-47.928,-50.484,-49.76,-51.778,-50.955,-52.115
256,-46.187,-45.643,-46.533,-47.843,-53.738,-50.729,-51.062,-51.525,-47.886,-50.996,-50.069,-52.011,-51.214,-52.524
257,-46.257,-45.763,-46.517,-47.93,-53.458,-51.007,-51.899,-51.799,-48.222,-50.962,-50.07,-52.168,-51.088,-52.766
258,-46.303,-45.84,-46.697,-48.458,-53.148,-51.042,-51.269,-51.807,-48.139,-50.846,-50.026,-52.153,-51.453,-53.082
259,-46.676,-45.949,-46.759,-47.358,-52.972,-51.043,-51.544,-51.902,-48.189,-51.682,-50.424,-52.438,-51.543,-53.392
260,-46.58,-45.843,-46.716,-48.165,-52.869,-51.145,-51.106,-52.232,-48.42,-52.249,-50.512,-52.488,-51.55,-53.744
261,-46.967,-46.094,-46.88,-47.939,-52.331,-51.247,-51.809,-52.178,-48.281,-51.842,-50.877,-53.024,-51.991,-53.908
262,-47.049,-46.447,-47.245,-48.08,-52.7,-51.082,-51.954,-51.95,-48.318,-51.218,-50.749,-53.081,-52.024,-54.352
263,-47.352,-46.465,-47.502,-48.202,-52.121,-51.075,-52.053,-52.115,-48.474,-52.372,-50.995,-52.968,-52.286,-54.726
264,-47.511,-46.706,-47.401,-48.815,-52.213,-51,-51.95,-52.343,-48.524,-52.178,-50.788,-53.213,-52.496,-54.484
265,-47.746,-46.922,-47.752,-48.532,-51.995,-51.11,-52.179,-52.332,-48.445,-52.529,-50.954,-53.375,-52.656,-55.108
266,-48.164,-47.44,-48.043,-48.977,-52.183,-51.143,-52.032,-52.558,-48.716,-53.362,-51.046,-53.384,-52.859,-54.772
267,-48.444,-47.62,-48.21,-49.045,-52.428,-51.161,-52.752,-52.805,-49.019,-53.379,-51.379,-53.454,-52.854,-55.087
268,-48.868,-47.943,-48.443,-49.45,-52.739,-51.139,-52.816,-52.852,-49.323,-52.266,-51.414,-53.937,-53.414,-55.147
269,-48.894,-48.377,-48.772,-50.124,-52.682,-51.353,-53.283,-53.065,-49.332,-52.502,-51.513,-54.297,-53.777,-55.21
270,-49.341,-48.586,-49.196,-49.893,-53.287,-51.65,-52.66,-53.35,-49.581,-54.209,-51.856,-54.571,-53.715,-55.044
271,-49.097,-48.946,-49.329,-50.816,-53.292,-51.805,-52.708,-53.735,-49.944,-53.37,-52.151,-54.852,-53.925,-55.292
272,-48.964,-49.101,-49.633,-50.986,-53.398,-52.029,-53.901,-53.979,-50.308,-52.933,-52.285,-54.84,-54.665,-55.438
273,-48.685,-49.244,-49.813,-51.095,-53.345,-51.865,-53.887,-54.299,-50.294,-53.853,-52.374,-55.085,-54.533,-56.032
274,-48.922,-49.333,-50.104,-51.458,-53.862,-52.018,-54.358,-54.273,-50.321,-52.621,-52.59,-55.345,-54.693,-56.314
275,-48.662,-49.429,-50.138,-51.575,-53.903,-52.296,-54.468,-54.816,-50.716,-54.05,-52.827,-55.585,-54.908,-56.421
276,-48.413,-49.189,-50.316,-50.152,-53.962,-52.525,-53.386,-54.848,-50.988,-55.309,-53.055,-55.813,-55.148,-56.839
277,-48.561,-49.148,-50.551,-51.112,-54.032,-52.357,-53.67,-54.657,-51.229,-54.073,-53.133,-55.73,-55.49,-57.166
278,-48.503,-49.38,-50.554,-52.11,-54.178,-52.425,-54.434,-55.073,-51.176,-55.328,-53.202,-55.775,-55.441,-57.013
279,-48.564,-49.286,-50.785,-52.079,-54.28,-52.354,-53.881,-55.137,-51.493,-54.545,-53.592,-55.954,-55.436,-57.481
280,-48.804,-49.195,-50.822,-52.345,-54.804,-52.05,-53.736,-55.106,-51.569,-54.489,-53.695,-56.261,-55.868,-57.352
281,-48.841,-49.285,-50.945,-52.658,-54.608,-52.185,-54.932,-55.148,-51.751,-55.267,-54.033,-56.818,-56.003,-57.568
282,-49.159,-49.454,-50.985,-51.865,-55.204,-52.323,-54.519,-54.954,-51.525,-55.58,-53.984,-56.798,-56.206,-57.812
283,-49.421,-49.542,-51.143,-52.109,-55.547,-52.098,-54.317,-55.637,-51.655,-55.319,-54.266,-56.796,-56.876,-57.475
284,-49.462,-49.991,-51.683,-52.934,-55.81,-52.512,-53.644,-55.829,-51.66,-55.965,-54.364,-57.178,-56.936,-57.95
285,-49.481,-49.9,-51.345,-53.417,-55.769,-52.726,-54.556,-55.834,-51.808,-55.845,-54.745,-58.08,-57.346,-58.261
286,-50.076,-50.141,-51.836,-53.137,-56.473,-53.117,-53.718,-55.431,-52,-57.553,-54.925,-57.45,-57.698,-58.318
287,-50.24,-50.386,-52.156,-53.881,-56.979,-53.324,-54.345,-55.73,-52.159,-56.491,-54.976,-58.126,-57.758,-59.792
288,-50.505,-50.742,-52.453,-54.38,-56.845,-53.778,-54.724,-56.036,-52.311,-56.628,-55.687,-58.293,-58.486,-58.969
289,-50.785,-50.844,-52.538,-54.061,-57.055,-54.18,-55.53,-56.002,-52.723,-56.282,-55.323,-58.611,-59.552,-60.18
290,-50.832,-50.839,-52.884,-54.453,-57.64,-54.81,-56.566,-56.344,-53.16,-56.344,-55.969,-58.683,-60.554,-60.084
291,-51.1,-50.889,-52.589,-54.173,-57.983,-54.818,-56.016,-57.207,-53.537,-57.238,-56.308,-58.684,-60.766,-61.483
292,-51.357,-51.526,-52.946,-54.564,-58.806,-55.24,-57.295,-57.085,-53.868,-56.08,-56.497,-59.36,-60.662,-62.453
293,-51.31,-51.316,-52.856,-56.661,-59.304,-55.698,-56.255,-57.527,-54.066,-58.51,-56.251,-59.874,-60.832,-63.125
294,-51.521,-51.726,-53.502,-54.145,-59.392,-55.546,-57.726,-58.058,-54.412,-58.414,-56.934,-59.769,-61.263,-64.127
295,-51.715,-51.656,-53.927,-55.083,-59.482,-55.978,-58.396,-58.657,-54.886,-58.628,-57.372,-59.752,-61.402,-64.365
296,-51.946,-51.82,-53.794,-54.48,-59.809,-56.049,-58.395,-59.413,-55.139,-60.152,-57.5,-60.478,-62.399,-63.61
297,-52.045,-51.904,-54.161,-56.12,-60.153,-55.919,-60.231,-59.819,-55.892,-59.026,-57.814,-60.541,-61.964,-64.305
298,-52.169,-51.91,-54.166,-54.936,-60.32,-56.802,-59.571,-60.695,-56.376,-59.438,-58.209,-60.805,-61.713,-63.297
299,-52.597,-52.251,-54.468,-56.162,-61.054,-56.838,-59.686,-60.357,-57.073,-59.484,-59.256,-61.468,-62.847,-63.395
300,-52.568,-52.526,-54.439,-56.233,-60.986,-56.921,-58.771,-61.761,-57.598,-60.22,-58.969,-62.231,-63.231,-63.319
301,-52.555,-52.625,-54.904,-57.296,-61.463,-57.463,-60.814,-60.842,-57.931,-59.56,-60.24,-62.282,-63.618,-63.856
302,-53.146,-52.964,-54.839,-56.229,-62.965,-58.416,-60.669,-63.629,-58.612,-62.712,-60.86,-62.29,-65.314,-64.883
303,-54.035,-53.241,-55.16,-58.776,-63.575,-58.394,-61.952,-63.044,-58.967,-62.032,-60.986,-63.467,-66.509,-63.884
304,-54.569,-53.59,-55.474,-59.161,-64.375,-59.42,-63.193,-65.119,-60.975,-64.418,-61.997,-64.289,-67.506,-65.044
305,-54.824,-53.874,-55.232,-57.107,-63.728,-60.507,-63.085,-65.353,-62.406,-62.581,-62.645,-66.033,-70.679,-67.256
306,-55.409,-54.307,-55.832,-55.458,-64.678,-60.82,-62.985,-65.086,-63.724,-64.924,-63.191,-65.391,-68.929,-67.403
307,-55.381,-55.222,-55.766,-57.825,-64.227,-62.129,-63.356,-65.046,-66.126,-69.944,-63.592,-67.383,-73.112,-69.756
308,-55.749,-55.265,-56.625,-58.621,-64.116,-62.583,-63.041,-66.104,-68.227,-64.534,-64.627,-68.048,-72.801,-70.452
309,-55.946,-55.197,-56.952,-58.574,-64.957,-62.815,-64.921,-66.156,-67.854,-74.34,-65.697,-68.143,-72.972,-71.58
310,-56.017,-56.034,-57.367,-58.452,-63.163,-62.913,-62.465,-67.401,-67.981,-74.126,-65.972,-68.636,-74.105,-74.136
311,-56.71,-55.393,-57.871,-58.043,-63.167,-62.779,-64.95,-66.912,-67.446,-68.469,-67.31,-68.759,-72.423,-77.056
312,-56.398,-55.794,-57.183,-58.728,-63.404,-61.972,-62.88,-66.627,-65.666,-69.929,-67.752,-69.551,-72.1,-81.873
313,-56.452,-55.639,-58.008,-64.833,-62.883,-61.987,-62.095,-65.599,-64.591,-72.907,-68.804,-71.455,-74.04,-81.078
314,-57.088,-55.799,-57.388,-57.425,-64.183,-62.073,-63.538,-64.825,-65.155,-73.604,-68.474,-68.914,-68.57,-78.284
315,-57.321,-56.085,-57.515,-63.092,-64.477,-60.887,-62.358,-65.304,-65.243,-66.543,-69.921,-68.534,-71.171,-82.339
316,-58.284,-55.952,-56.926,-57.776,-63.36,-61.321,-62.867,-64.538,-63.571,-76.799,-68.414,-68.762,-67.804,-78.215
317,-58.271,-56.581,-57.43,-59.215,-64.312,-61.399,-62.62,-63.663,-63.28,-82.996,-69.078,-69.494,-72.961,-74.73
318,-58.579,-57.001,-57.548,-58.552,-63.934,-61.546,-60.966,-63.009,-62.751,-69.753,-68.666,-72.822,-72.023,-71.74
319,-59.253,-57.41,-57.758,-58.14,-63.488,-62.506,-61.499,-63.004,-62.755,-71.41,-69.574,-73.489,-72.737,-72.309
320,-59.513,-58.125,-58.302,-60.247,-64.082,-61.95,-60.828,-62.8,-61.126,-70.732,-71.796,-71.018,-71.286,-73.043
321,-60.439,-59.079,-59.083,-61.756,-65.011,-62.99,-61.031,-63.122,-61.811,-69.518,-73.589,-73.12,-74.14,-70.124
322,-59.715,-59.173,-60.788,-63.376,-65.924,-64.14,-62.8,-63.404,-61.255,-69.346,-80.359,-77.637,-74.06,-69.67
323,-59.998,-60.454,-62.954,-60.751,-64.794,-64.142,-64.453,-63.257,-61.025,-68.606,-71.746,-77.045,-81.868,-68.658
324,-60.077,-60.26,-63.44,-61.844,-67.109,-66.558,-63.668,-62.973,-61.649,-74.038,-75.041,-80.692,-83.747,-67.872
325,-60.523,-60.354,-63.988,-60.419,-67.403,-67.115,-61.782,-64.942,-61.999,-66.83,-82.694,-81.524,-83.169,-66.033
326,-59.939,-59.262,-64.565,-63.927,-68.247,-68.179,-62.989,-65.234,-62.198,-76.795,-72.732,-85.101,-73.074,-66.887
327,-59.938,-59.818,-62.592,-67.331,-70.692,-69.248,-73.116,-66.941,-63.25,-72.031,-73.118,-80.509,-72.711,-66.861
328,-59.711,-59.119,-61.876,-64.802,-71.809,-71.06,-71.095,-67.264,-64.678,-69.21,-72.084,-75.485,-72.777,-66.034
329,-60.576,-58.69,-61.046,-65.032,-76.746,-79.065,-72.47,-69.488,-65.789,-66.002,-73.227,-75.208,-68.659,-67.124
330,-60.542,-58.582,-60.479,-68.118,-74.687,-81.597,-70.335,-71.431,-68.602,-63.665,-69.324,-72.937,-68.317,-66.419
331,-60.614,-58.528,-59.641,-65.25,-71.052,-78.598,-72.42,-72.422,-69.323,-63.747,-72.154,-76.532,-66.865,-66.801
332,-61.55,-58.623,-59.273,-61.713,-71.487,-75.492,-79.407,-69.699,-70.977,-68.753,-72.247,-73.527,-67.65,-67.371
333,-62.085,-59.434,-59.536,-61.763,-70.768,-78.166,-73.102,-72.668,-69.235,-74.082,-67.73,-75.292,-69.432,-69.583
334,-63.998,-59.135,-58.819,-62.383,-69.068,-74.927,-71.954,-71.546,-68.644,-67.958,-74.925,-74.251,-66.603,-67.864
335,-63.25,-60.061,-59.475,-62.602,-68.417,-70.277,-69.881,-71.096,-68.523,-80.937,-69.641,-76.809,-67.072,-69.019
336,-64.402,-61.06,-59.914,-64.252,-67.07,-70.497,-68.251,-69.135,-66.936,-78.842,-70.735,-76.587,-67.975,-71.446
337,-67.744,-61.854,-60.935,-65.853,-68.243,-70.474,-76.659,-70.293,-65.691,-66.034,-75.043,-76.087,-66.941,-74.85
338,-69.229,-63.79,-62.046,-63.967,-67.56,-70.808,-70.263,-72.644,-65.524,-73.444,-72.475,-75.701,-71.513,-79.826
339,-73.792,-65.2,-62.619,-62.685,-68.747,-70.784,-69.487,-71.242,-67.273,-69.733,-80.279,-81.034,-69.598,-77.103
340,-70.552,-67.16,-63.962,-63.125,-69.238,-70.727,-76.773,-70.492,-67.136,-70.268,-76.46,-77.199,-77.676,-82.997
341,-71.237,-71.541,-67.682,-65.938,-70.429,-72.625,-69.273,-71.75,-67.898,-67.78,-75.835,-83.09,-79.037,-79.369
342,-69.047,-72.707,-66.906,-65.178,-69.597,-74.724,-72.691,-71.345,-68.409,-84.819,-77,-84.63,-75.808,-74.786
343,-68.971,-78.659,-67.166,-64.648,-70.257,-75.86,-86.639,-71.069,-70.208,-75.271,-79.242,-88.047,-78.985,-75.267
344,-68.698,-83.132,-72.402,-65.633,-69.037,-75.871,-72.233,-71.31,-76.021,-69.299,-71.768,-83.56,-93.032,-75.837
345,-66.648,-76.275,-70.41,-66.74,-68.216,-74.615,-76.022,-72.276,-73.073,-68.949,-74.914,-78.866,-77.347,-73.033
346,-66.735,-73.006,-70.738,-65.653,-68.408,-69.024,-72.931,-72.01,-72.361,-76.277,-69.918,-78.413,-83.257,-71.955
347,-64.552,-70.967,-71.934,-69.542,-66.062,-69.74,-81.181,-68.486,-70.24,-72.002,-68.934,-73.494,-72.345,-71.677
348,-64.497,-70.031,-69.844,-65.357,-66.509,-67.738,-69.141,-67.689,-66.347,-67.254,-69.122,-70.438,-75.309,-69.688
349,-63.213,-70.88,-71.669,-65.54,-65.571,-67.655,-74.78,-67.484,-64.106,-69.524,-66.109,-68.624,-72.815,-71.912
350,-64.359,-68.66,-68.201,-64.993,-65.557,-65.541,-67.877,-65.814,-62.585,-66.777,-64.916,-68.757,-71.064,-67.202
351,-63.283,-68.991,-70.756,-63.509,-65.469,-65.167,-69.609,-67.037,-61.125,-65.734,-66.034,-69.359,-70.362,-66.807
352,-62.674,-67.306,-67.323,-63.338,-65.635,-65.61,-69.382,-66.056,-60.982,-67.431,-65.045,-68.59,-69.844,-66.463
353,-63.265,-66.713,-67.968,-66.846,-65.487,-65.024,-66.301,-64.757,-60.178,-66.19,-65.573,-68.168,-69.113,-65.664
354,-63.142,-66.982,-69.415,-63.971,-65.59,-65.384,-72.964,-67.437,-60.001,-68.727,-67.1,-67.867,-68.103,-67.026
355,-63.675,-68.539,-70.38,-66.78,-65.745,-65.703,-70.344,-66.235,-60.506,-67.28,-67.657,-68.868,-66.557,-66.212
356,-63.22,-67.07,-71.905,-68.562,-65.697,-65.813,-70.654,-66.644,-60.673,-64.402,-64.761,-67.835,-69.27,-66.493
357,-63.169,-69.297,-71.605,-65.469,-67.51,-66.43,-70.248,-69.097,-61.117,-63.957,-66.842,-71.673,-68.435,-66.585
358,-63.608,-67.702,-73.885,-66.305,-68.463,-67.489,-69.351,-72.44,-62.188,-70.666,-67.859,-71.51,-69.637,-67.602
359,-64.916,-68.834,-73.759,-64.725,-69.884,-68.497,-76.682,-70.885,-62.912,-66.436,-68.496,-71.501,-73.095,-67.246
