NAME AW3629
MAKE Alpha Wireless Ltd
FREQUENCY 1850.00
H_WIDTH 59
V_WIDTH 8
FRONT_TO_BACK 27
GAIN xx.xxdBi
TILT ELECTRICAL
HORIZONTAL  360
0.0 32.8
1.0 32.9
2.0 32.3
3.0 34.4
4.0 36.3
5.0 37.4
6.0 38.5
7.0 40.6
8.0 41.0
9.0 42.3
10.0 43.3
11.0 42.5
12.0 45.7
13.0 41.2
14.0 41.4
15.0 38.4
16.0 37.8
17.0 35.0
18.0 34.9
19.0 34.2
20.0 33.2
21.0 32.5
22.0 32.0
23.0 31.9
24.0 31.3
25.0 31.3
26.0 31.3
27.0 31.3
28.0 31.6
29.0 32.5
30.0 32.6
31.0 33.6
32.0 33.9
33.0 35.7
34.0 36.2
35.0 38.3
36.0 39.3
37.0 40.0
38.0 40.9
39.0 40.1
40.0 41.3
41.0 38.9
42.0 38.5
43.0 37.4
44.0 37.2
45.0 36.0
46.0 35.4
47.0 35.8
48.0 36.3
49.0 36.0
50.0 36.8
51.0 37.9
52.0 38.5
53.0 39.9
54.0 42.2
55.0 43.1
56.0 46.0
57.0 48.2
58.0 50.4
59.0 44.3
60.0 47.8
61.0 43.7
62.0 41.5
63.0 38.5
64.0 37.5
65.0 36.2
66.0 36.1
67.0 33.8
68.0 33.8
69.0 33.5
70.0 34.0
71.0 33.6
72.0 33.9
73.0 40.6
74.0 35.5
75.0 37.4
76.0 35.3
77.0 40.3
78.0 37.7
79.0 40.2
80.0 37.6
81.0 38.0
82.0 37.3
83.0 36.3
84.0 38.0
85.0 36.3
86.0 34.2
87.0 35.0
88.0 34.8
89.0 34.5
90.0 33.2
91.0 33.3
92.0 34.3
93.0 35.3
94.0 33.3
95.0 35.2
96.0 34.1
97.0 34.7
98.0 35.6
99.0 36.8
100.0 39.9
101.0 40.1
102.0 59.9
103.0 49.3
104.0 42.8
105.0 36.7
106.0 34.0
107.0 30.9
108.0 27.4
109.0 27.0
110.0 25.5
111.0 24.5
112.0 23.2
113.0 23.0
114.0 22.1
115.0 21.4
116.0 20.9
117.0 20.1
118.0 19.3
119.0 18.4
120.0 17.6
121.0 16.7
122.0 15.9
123.0 15.2
124.0 14.6
125.0 13.8
126.0 13.2
127.0 12.5
128.0 12.0
129.0 11.4
130.0 10.9
131.0 10.4
132.0 10.0
133.0 9.5
134.0 9.1
135.0 8.7
136.0 8.4
137.0 7.9
138.0 7.6
139.0 7.2
140.0 6.9
141.0 6.4
142.0 6.1
143.0 5.7
144.0 5.4
145.0 5.0
146.0 4.7
147.0 4.4
148.0 4.1
149.0 3.8
150.0 3.5
151.0 3.3
152.0 3.0
153.0 2.8
154.0 2.6
155.0 2.5
156.0 2.4
157.0 2.2
158.0 2.1
159.0 2.0
160.0 1.9
161.0 1.8
162.0 1.7
163.0 1.6
164.0 1.5
165.0 1.4
166.0 1.3
167.0 1.2
168.0 1.1
169.0 1.0
170.0 0.9
171.0 0.8
172.0 0.8
173.0 0.7
174.0 0.6
175.0 0.6
176.0 0.5
177.0 0.4
178.0 0.4
179.0 0.3
180.0 0.3
181.0 0.2
182.0 0.2
183.0 0.1
184.0 0.1
185.0 0.1
186.0 0.0
187.0 0.0
188.0 0.0
189.0 0.0
190.0 0.0
191.0 0.0
192.0 0.0
193.0 0.1
194.0 0.1
195.0 0.2
196.0 0.2
197.0 0.3
198.0 0.3
199.0 0.4
200.0 0.6
201.0 0.7
202.0 0.8
203.0 1.0
204.0 1.1
205.0 1.3
206.0 1.5
207.0 1.7
208.0 1.9
209.0 2.1
210.0 2.4
211.0 2.6
212.0 2.8
213.0 3.1
214.0 3.4
215.0 3.6
216.0 3.9
217.0 4.1
218.0 4.4
219.0 4.7
220.0 5.0
221.0 5.2
222.0 5.5
223.0 5.7
224.0 6.0
225.0 6.2
226.0 6.6
227.0 6.8
228.0 7.1
229.0 7.4
230.0 7.8
231.0 8.0
232.0 8.4
233.0 8.7
234.0 9.1
235.0 9.3
236.0 9.5
237.0 9.8
238.0 10.1
239.0 10.3
240.0 10.6
241.0 10.9
242.0 11.2
243.0 11.5
244.0 11.7
245.0 12.1
246.0 12.3
247.0 12.6
248.0 12.7
249.0 13.0
250.0 13.2
251.0 13.4
252.0 13.5
253.0 13.6
254.0 14.0
255.0 14.2
256.0 14.5
257.0 14.8
258.0 15.2
259.0 15.7
260.0 16.2
261.0 16.8
262.0 17.5
263.0 18.1
264.0 18.7
265.0 19.4
266.0 19.8
267.0 20.4
268.0 20.5
269.0 20.5
270.0 20.6
271.0 20.5
272.0 20.6
273.0 20.8
274.0 21.3
275.0 21.6
276.0 22.0
277.0 22.4
278.0 22.8
279.0 23.1
280.0 23.2
281.0 23.2
282.0 22.9
283.0 22.9
284.0 23.1
285.0 23.7
286.0 24.2
287.0 25.3
288.0 26.3
289.0 27.4
290.0 28.2
291.0 28.2
292.0 28.0
293.0 27.4
294.0 27.1
295.0 26.4
296.0 26.3
297.0 26.7
298.0 26.8
299.0 27.1
300.0 28.1
301.0 28.6
302.0 29.7
303.0 30.6
304.0 31.6
305.0 33.5
306.0 33.3
307.0 33.8
308.0 34.5
309.0 34.9
310.0 35.4
311.0 36.2
312.0 36.8
313.0 36.1
314.0 34.5
315.0 33.6
316.0 32.9
317.0 32.9
318.0 32.1
319.0 31.3
320.0 30.4
321.0 30.8
322.0 30.7
323.0 30.9
324.0 30.8
325.0 31.1
326.0 31.4
327.0 30.2
328.0 31.2
329.0 30.5
330.0 30.4
331.0 31.0
332.0 31.2
333.0 31.7
334.0 30.9
335.0 33.1
336.0 31.1
337.0 31.0
338.0 30.8
339.0 30.2
340.0 28.8
341.0 28.8
342.0 27.7
343.0 27.4
344.0 27.2
345.0 27.0
346.0 27.0
347.0 27.4
348.0 27.2
349.0 27.5
350.0 27.8
351.0 27.9
352.0 28.8
353.0 29.3
354.0 29.3
355.0 30.1
356.0 26.3
357.0 31.7
358.0 31.7
359.0 32.1
VERTICAL  360
0.0 33.3
1.0 33.6
2.0 34.3
3.0 34.6
4.0 34.9
5.0 34.1
6.0 33.9
7.0 33.4
8.0 33.7
9.0 34.6
10.0 36.5
11.0 38.3
12.0 44.2
13.0 43.7
14.0 43.0
15.0 39.3
16.0 37.0
17.0 35.6
18.0 35.0
19.0 36.7
20.0 38.4
21.0 47.0
22.0 50.7
23.0 41.3
24.0 37.7
25.0 35.1
26.0 34.3
27.0 33.9
28.0 34.0
29.0 34.5
30.0 35.7
31.0 36.6
32.0 38.9
33.0 41.7
34.0 45.8
35.0 51.1
36.0 51.3
37.0 46.2
38.0 46.7
39.0 42.4
40.0 41.2
41.0 39.4
42.0 37.5
43.0 35.8
44.0 34.1
45.0 32.9
46.0 32.7
47.0 32.2
48.0 33.6
49.0 34.1
50.0 34.9
51.0 35.7
52.0 37.8
53.0 38.2
54.0 39.7
55.0 40.5
56.0 40.0
57.0 37.6
58.0 35.2
59.0 33.2
60.0 31.9
61.0 30.9
62.0 30.4
63.0 30.4
64.0 31.6
65.0 32.6
66.0 34.4
67.0 35.1
68.0 33.9
69.0 32.2
70.0 29.8
71.0 28.4
72.0 28.1
73.0 27.7
74.0 28.0
75.0 28.7
76.0 30.0
77.0 31.9
78.0 33.8
79.0 36.8
80.0 36.3
81.0 40.4
82.0 37.4
83.0 32.1
84.0 33.3
85.0 32.0
86.0 31.0
87.0 29.5
88.0 29.8
89.0 30.9
90.0 30.7
91.0 30.7
92.0 30.9
93.0 31.0
94.0 29.6
95.0 28.2
96.0 27.0
97.0 25.7
98.0 24.8
99.0 24.2
100.0 23.7
101.0 23.5
102.0 23.2
103.0 22.9
104.0 22.7
105.0 22.5
106.0 22.4
107.0 22.2
108.0 22.1
109.0 21.9
110.0 21.9
111.0 21.9
112.0 21.8
113.0 21.7
114.0 21.4
115.0 21.3
116.0 21.1
117.0 21.0
118.0 20.8
119.0 21.1
120.0 21.6
121.0 22.1
122.0 22.8
123.0 23.6
124.0 24.1
125.0 24.0
126.0 22.5
127.0 20.6
128.0 18.8
129.0 17.0
130.0 15.6
131.0 14.5
132.0 13.6
133.0 12.9
134.0 12.5
135.0 12.3
136.0 12.4
137.0 12.6
138.0 13.0
139.0 13.5
140.0 14.1
141.0 14.7
142.0 15.4
143.0 15.9
144.0 16.2
145.0 16.3
146.0 16.0
147.0 16.0
148.0 15.8
149.0 15.8
150.0 16.0
151.0 16.3
152.0 16.8
153.0 17.4
154.0 17.7
155.0 17.8
156.0 17.7
157.0 17.3
158.0 16.9
159.0 16.6
160.0 16.2
161.0 15.8
162.0 15.3
163.0 14.7
164.0 14.0
165.0 13.4
166.0 13.1
167.0 13.1
168.0 13.6
169.0 14.5
170.0 15.4
171.0 15.1
172.0 12.7
173.0 9.7
174.0 7.0
175.0 4.9
176.0 3.2
177.0 1.8
178.0 0.9
179.0 0.3
180.0 0.0
181.0 0.0
182.0 0.3
183.0 1.0
184.0 2.1
185.0 3.5
186.0 5.5
187.0 8.1
188.0 11.7
189.0 17.1
190.0 24.8
191.0 23.0
192.0 18.8
193.0 17.3
194.0 17.5
195.0 19.0
196.0 22.5
197.0 29.7
198.0 33.3
199.0 24.5
200.0 20.9
201.0 19.4
202.0 19.4
203.0 20.5
204.0 23.2
205.0 27.7
206.0 27.9
207.0 22.7
208.0 19.3
209.0 17.2
210.0 16.1
211.0 15.7
212.0 16.3
213.0 17.5
214.0 20.1
215.0 24.1
216.0 26.3
217.0 21.8
218.0 17.7
219.0 14.8
220.0 13.0
221.0 11.6
222.0 10.8
223.0 10.3
224.0 10.1
225.0 10.3
226.0 10.7
227.0 11.4
228.0 12.4
229.0 13.8
230.0 15.7
231.0 18.4
232.0 22.3
233.0 29.3
234.0 36.0
235.0 26.3
236.0 21.9
237.0 19.2
238.0 17.7
239.0 16.5
240.0 15.8
241.0 15.4
242.0 15.2
243.0 15.1
244.0 15.2
245.0 15.3
246.0 15.5
247.0 16.0
248.0 16.4
249.0 17.0
250.0 17.6
251.0 18.1
252.0 18.6
253.0 19.2
254.0 19.6
255.0 20.1
256.0 20.6
257.0 21.3
258.0 22.1
259.0 22.9
260.0 23.8
261.0 24.9
262.0 25.9
263.0 26.9
264.0 27.8
265.0 28.6
266.0 29.2
267.0 29.7
268.0 30.5
269.0 31.5
270.0 32.6
271.0 33.5
272.0 34.7
273.0 35.9
274.0 36.5
275.0 36.7
276.0 37.2
277.0 39.0
278.0 38.8
279.0 40.4
280.0 41.3
281.0 43.8
282.0 46.7
283.0 46.1
284.0 44.0
285.0 42.3
286.0 40.5
287.0 36.9
288.0 34.6
289.0 33.2
290.0 31.4
291.0 30.5
292.0 29.9
293.0 29.4
294.0 28.6
295.0 29.2
296.0 29.7
297.0 29.9
298.0 30.5
299.0 31.2
300.0 32.3
301.0 33.7
302.0 35.7
303.0 37.5
304.0 40.4
305.0 41.0
306.0 40.4
307.0 39.5
308.0 38.1
309.0 37.2
310.0 37.9
311.0 38.0
312.0 38.3
313.0 39.8
314.0 41.0
315.0 43.6
316.0 46.9
317.0 46.7
318.0 43.8
319.0 39.2
320.0 38.0
321.0 35.5
322.0 34.1
323.0 33.0
324.0 32.8
325.0 32.7
326.0 32.6
327.0 33.2
328.0 33.5
329.0 33.8
330.0 34.1
331.0 33.7
332.0 33.9
333.0 33.9
334.0 34.0
335.0 34.3
336.0 34.6
337.0 35.2
338.0 36.4
339.0 37.7
340.0 40.5
341.0 43.8
342.0 51.7
343.0 45.9
344.0 39.5
345.0 37.6
346.0 35.2
347.0 34.4
348.0 34.3
349.0 34.4
350.0 34.7
351.0 36.9
352.0 35.2
353.0 38.3
354.0 37.6
355.0 38.9
356.0 37.7
357.0 36.0
358.0 34.7
359.0 33.7
